time_pwRes,time_pwRes_spline,time_iwRes,time_iwRes_spline,time_npde,time_npde_spline,prediction_pwRes,prediction_pwRes_spline,prediction_iwRes,prediction_iwRes_spline,prediction_npde,prediction_npde_spline,split
-11,-0.555279,-11,0.00852041,-11,-0.541416,-4.9704,0.791519,-10.2151,-0.11596,-4.9704,0.75814,All
-10.5455,-0.442696,-10.5455,0.0327155,-10.5455,-0.437098,-4.84178,0.713777,-10.033,-0.116547,-4.84178,0.679744,All
-10.0909,-0.330112,-10.0909,0.0569105,-10.0909,-0.332781,-4.71315,0.636055,-9.85087,-0.117133,-4.71315,0.601366,All
-9.63636,-0.259108,-9.63636,0.0689339,-9.63636,-0.266116,-4.58453,0.558332,-9.66878,-0.11772,-4.58453,0.522989,All
-9.18182,-0.198498,-9.18182,0.0779145,-9.18182,-0.208864,-4.4559,0.522167,-9.48669,-0.118307,-4.4559,0.485284,All
-8.72727,-0.161899,-8.72727,0.0799356,-8.72727,-0.173497,-4.32727,0.498907,-9.30459,-0.118893,-4.32727,0.46021,All
-8.27273,-0.141308,-8.27273,0.0773172,-8.27273,-0.152719,-4.19865,0.475648,-9.1225,-0.11948,-4.19865,0.435136,All
-7.81818,-0.131941,-7.81818,0.0715055,-7.81818,-0.142294,-4.07002,0.452388,-8.9404,-0.120067,-4.07002,0.410062,All
-7.36364,-0.139413,-7.36364,0.0609038,-7.36364,-0.147398,-3.94139,0.429128,-8.75831,-0.121081,-3.94139,0.384988,All
-6.90909,-0.150106,-6.90909,0.0494285,-6.90909,-0.15556,-3.81277,0.405869,-8.57622,-0.125672,-3.81277,0.359913,All
-6.45455,-0.173686,-6.45455,0.0344591,-6.45455,-0.175954,-3.68414,0.407935,-8.39412,-0.130263,-3.68414,0.3601,All
-6,-0.197265,-6,0.0194897,-6,-0.196349,-3.55552,0.416003,-8.21203,-0.134854,-3.55552,0.366273,All
-5.54545,-0.224997,-5.54545,0.00376826,-5.54545,-0.221441,-3.42689,0.424071,-8.02993,-0.139445,-3.42689,0.372445,All
-5.09091,-0.252728,-5.09091,-0.0119532,-5.09091,-0.246534,-3.29826,0.435256,-7.84784,-0.144035,-3.29826,0.381936,All
-4.63636,-0.274218,-4.63636,-0.0253839,-4.63636,-0.266912,-3.16964,0.449158,-7.66575,-0.148626,-3.16964,0.39472,All
-4.18182,-0.294147,-4.18182,-0.0382418,-4.18182,-0.286111,-3.04101,0.46306,-7.48365,-0.15362,-3.04101,0.407504,All
-3.72727,-0.304065,-3.72727,-0.0475803,-3.72727,-0.296962,-2.91239,0.476279,-7.30156,-0.158521,-2.91239,0.419799,All
-3.27273,-0.307309,-3.27273,-0.0545725,-3.27273,-0.302246,-2.78376,0.483289,-7.11947,-0.16336,-2.78376,0.426895,All
-2.81818,-0.305244,-2.81818,-0.0589991,-2.81818,-0.30287,-2.65513,0.489203,-6.93737,-0.167458,-2.65513,0.433034,All
-2.36364,-0.295214,-2.36364,-0.0595773,-2.36364,-0.296502,-2.52651,0.494305,-6.75528,-0.171483,-2.52651,0.438446,All
-1.90909,-0.283826,-1.90909,-0.0588856,-1.90909,-0.28877,-2.39788,0.487304,-6.57318,-0.175509,-2.39788,0.432904,All
-1.45455,-0.267007,-1.45455,-0.0531146,-1.45455,-0.275582,-2.26926,0.476954,-6.39109,-0.17839,-2.26926,0.424278,All
-1,-0.250188,-1,-0.0473437,-1,-0.262394,-2.14063,0.466603,-6.209,-0.180556,-2.14063,0.415652,All
-0.545455,-0.233064,-0.545455,-0.0352887,-0.545455,-0.24722,-2.012,0.450004,-6.0269,-0.182723,-2.012,0.400988,All
-0.0909091,-0.215939,-0.0909091,-0.0232338,-0.0909091,-0.232045,-1.88338,0.43056,-5.84481,-0.184244,-1.88338,0.383405,All
0.363636,-0.202661,0.363636,-0.00714706,0.363636,-0.21859,-1.75475,0.411116,-5.66271,-0.184485,-1.75475,0.365821,All
0.818182,-0.190343,0.818182,0.00994761,0.818182,-0.205565,-1.62613,0.391156,-5.48062,-0.183583,-1.62613,0.347309,All
1.27273,-0.180684,1.27273,0.0264893,1.27273,-0.194644,-1.4975,0.37244,-5.29853,-0.181803,-1.4975,0.328966,All
1.72727,-0.172796,1.72727,0.0426624,1.72727,-0.185125,-1.36887,0.353725,-5.11643,-0.178675,-1.36887,0.310623,All
2.18182,-0.165981,2.18182,0.0556106,2.18182,-0.177273,-1.24025,0.336467,-4.93434,-0.174247,-1.24025,0.293233,All
2.63636,-0.160773,2.63636,0.0637215,2.63636,-0.171921,-1.11162,0.32594,-4.75225,-0.169098,-1.11162,0.280768,All
3.09091,-0.155641,3.09091,0.0694416,3.09091,-0.167228,-0.982995,0.316087,-4.57015,-0.16213,-0.982995,0.268824,All
3.54545,-0.15081,3.54545,0.0655982,3.54545,-0.165167,-0.854369,0.306876,-4.38806,-0.153407,-0.854369,0.257458,All
4,-0.14598,4,0.0617548,4,-0.163107,-0.725743,0.303123,-4.20596,-0.143887,-0.725743,0.251666,All
4.45455,-0.137006,4.45455,0.0550586,4.45455,-0.15732,-0.597117,0.300436,-4.02387,-0.132872,-0.597117,0.247223,All
4.90909,-0.128033,4.90909,0.0483624,4.90909,-0.151533,-0.468491,0.297749,-3.84178,-0.120795,-0.468491,0.242779,All
5.36364,-0.111688,5.36364,0.0492638,5.36364,-0.135921,-0.339865,0.297394,-3.65968,-0.10787,-0.339865,0.242812,All
5.81818,-0.093499,5.81818,0.0520647,5.81818,-0.117853,-0.211239,0.297978,-3.47759,-0.0944367,-0.211239,0.245087,All
6.27273,-0.0769429,6.27273,0.0582724,6.27273,-0.0997683,-0.082613,0.298561,-3.29549,-0.0804792,-0.082613,0.247361,All
6.72727,-0.0614754,6.72727,0.0667513,6.72727,-0.0816722,0.0460131,0.30036,-3.1134,-0.0663968,0.0460131,0.251921,All
7.18182,-0.0609089,7.18182,0.0614202,7.18182,-0.0807206,0.174639,0.304032,-2.93131,-0.052242,0.174639,0.259339,All
7.63636,-0.0826938,7.63636,0.0353741,7.63636,-0.105486,0.303265,0.307705,-2.74921,-0.0382916,0.303265,0.266757,All
8.09091,-0.0968857,8.09091,0.0109886,8.09091,-0.121923,0.431891,0.312048,-2.56712,-0.0252486,0.431891,0.274872,All
8.54545,-0.0807055,8.54545,-0.00675458,8.54545,-0.105048,0.560517,0.308838,-2.38503,-0.0139823,0.560517,0.273875,All
9,-0.0645254,9,-0.0244977,9,-0.0881723,0.689143,0.304897,-2.20293,-0.00531085,0.689143,0.27201,All
9.45455,-0.0626159,9.45455,-0.0207596,9.45455,-0.0886829,0.817769,0.285487,-2.02084,-0.00113992,0.817769,0.252148,All
9.90909,-0.0607063,9.90909,-0.0170215,9.90909,-0.0891934,0.946395,0.245915,-1.83874,-0.000826972,0.946395,0.209571,All
10.3636,-0.0332624,10.3636,-0.00249562,10.3636,-0.0624239,1.07502,0.203966,-1.65665,-0.00664592,1.07502,0.164549,All
10.8182,0.000565195,10.8182,0.0147272,10.8182,-0.0288343,1.20365,0.162016,-1.47456,-0.0158813,1.20365,0.119528,All
11.2727,0.0281958,11.2727,0.0318608,11.2727,-0.000312205,1.33227,0.17695,-1.29246,-0.0236265,1.33227,0.142531,All
11.7273,0.051695,11.7273,0.0489349,11.7273,0.0248315,1.4609,0.191503,-1.11037,-0.0251024,1.4609,0.160438,All
12.1818,0.0621023,12.1818,0.0559836,12.1818,0.034329,1.58953,0.189668,-0.928274,-0.0145703,1.58953,0.155642,All
12.6364,0.0528715,12.6364,0.047994,12.6364,0.0203569,1.71815,0.165544,-0.746181,0.0109098,1.71815,0.125059,All
13.0909,0.0513772,13.0909,0.041742,13.0909,0.0147577,1.84678,0.140273,-0.564087,0.0430532,1.84678,0.0981973,All
13.5455,0.080829,13.5455,0.0424403,13.5455,0.0426497,1.9754,0.115001,-0.381993,0.0725253,1.9754,0.071336,All
14,0.110281,14,0.0431387,14,0.0705418,2.10403,0.0996687,-0.199899,0.089223,2.10403,0.0578211,All
14.4545,0.130079,14.4545,0.0411112,14.4545,0.0931732,2.23266,0.100212,-0.0178051,0.0823441,2.23266,0.059739,All
14.9091,0.149878,14.9091,0.0390837,14.9091,0.115805,2.36128,0.101123,0.164289,0.0524589,2.36128,0.062007,All
15.3636,0.156685,15.3636,0.00877819,15.3636,0.120693,2.48991,0.106648,0.346383,0.00869862,2.48991,0.0686489,All
15.8182,0.160244,15.8182,-0.0285969,15.8182,0.121145,2.61853,0.10172,0.528476,-0.0375566,2.61853,0.0649259,All
16.2727,0.166021,16.2727,-0.0197428,16.2727,0.124422,2.74716,0.0924845,0.71057,-0.076351,2.74716,0.0569535,All
16.7273,0.173277,16.7273,0.0199308,16.7273,0.129584,2.87579,0.064537,0.892664,-0.0971946,2.87579,0.0303507,All
17.1818,0.179166,17.1818,0.0379776,17.1818,0.133648,3.00441,0.0112631,1.07476,-0.0862446,3.00441,-0.0217743,All
17.6364,0.183008,17.6364,0.0235844,17.6364,0.136067,3.13304,-0.0303494,1.25685,-0.0385341,3.13304,-0.0625378,All
18.0909,0.190842,18.0909,0.00964717,18.0909,0.143079,3.26166,-0.0453817,1.43895,-0.0116676,3.26166,-0.0770486,All
18.5455,0.214649,18.5455,-0.0024661,18.5455,0.168466,3.39029,0.018445,1.62104,-0.0148578,3.39029,-0.0141316,All
19,0.238457,19,-0.0145794,19,0.193853,3.51892,0.00628022,1.80313,0.0188256,3.51892,-0.0272892,All
19.4545,0.28769,19.4545,0.0420613,19.4545,0.247894,3.64754,-0.00692608,1.98523,0.0491354,3.64754,-0.0414386,All
19.9091,0.336923,19.9091,0.098702,19.9091,0.301936,3.77617,-0.0614122,2.16732,0.0461856,3.77617,-0.0934321,All
20.3636,0.346682,20.3636,0.111705,20.3636,0.310966,3.90479,-0.057081,2.34942,0.0336071,3.90479,-0.0824554,All
20.8182,0.346572,20.8182,0.113798,20.8182,0.308743,4.03342,-0.0527498,2.53151,0.0368982,4.03342,-0.0714786,All
21.2727,0.332638,21.2727,0.0973251,21.2727,0.291032,4.16205,-0.0378944,2.7136,0.0475022,4.16205,-0.0512384,All
21.7273,0.309488,21.7273,0.0684752,21.7273,0.262996,4.29067,-0.0408837,2.8957,0.0508098,4.29067,-0.0531633,All
22.1818,0.295114,22.1818,0.0506701,22.1818,0.24522,4.4193,-0.0635779,3.07779,0.0549922,4.4193,-0.0784323,All
22.6364,0.293905,22.6364,0.0494323,22.6364,0.242836,4.54793,-0.0916643,3.25988,0.0741446,4.54793,-0.11026,All
23.0909,0.295722,23.0909,0.0524037,23.0909,0.243903,4.67655,-0.114704,3.44198,0.104869,4.67655,-0.136281,All
23.5455,0.309645,23.5455,0.0722118,23.5455,0.25877,4.80518,-0.133747,3.62407,0.139075,4.80518,-0.157431,All
24,0.323568,24,0.0920199,24,0.273637,4.9338,-0.149658,3.80617,0.161239,4.9338,-0.174471,All
24.4545,0.343003,24.4545,0.118957,24.4545,0.294687,5.06243,-0.156062,3.98826,0.15476,5.06243,-0.178581,All
24.9091,0.362437,24.9091,0.145894,24.9091,0.315738,5.19106,-0.161704,4.17035,0.122827,5.19106,-0.181052,All
25.3636,0.380747,25.3636,0.169306,25.3636,0.335507,5.31968,-0.167856,4.35245,0.0846336,5.31968,-0.184109,All
25.8182,0.398776,25.8182,0.191837,25.8182,0.354955,5.44831,-0.182335,4.53454,0.0627812,5.44831,-0.1972,All
26.2727,0.41181,26.2727,0.204802,26.2727,0.36877,5.57693,-0.189271,4.71664,0.0816783,5.57693,-0.204569,All
26.7273,0.421515,26.7273,0.21139,26.7273,0.378829,5.70556,-0.196207,4.89873,0.121256,5.70556,-0.211938,All
27.1818,0.426136,27.1818,0.208687,27.1818,0.383156,5.83419,-0.168003,5.08082,0.104485,5.83419,-0.183934,All
27.6364,0.423132,27.6364,0.192048,27.6364,0.378884,5.96281,-0.112946,5.26292,0.045215,5.96281,-0.127941,All
28.0909,0.418735,28.0909,0.172707,28.0909,0.373032,6.09144,-0.0561562,5.44501,0.0226868,6.09144,-0.0700631,All
28.5455,0.408764,28.5455,0.142561,28.5455,0.360861,6.22006,-0.0278603,5.6271,0.0653181,6.22006,-0.0404738,All
29,0.398794,29,0.112415,29,0.348689,6.34869,-0.0703008,5.8092,0.127057,6.34869,-0.0817874,All
29.4545,0.390134,29.4545,0.082732,29.4545,0.337893,6.47732,-0.134001,5.99129,0.15779,6.47732,-0.144475,All
29.9091,0.381473,29.9091,0.0530494,29.9091,0.327097,6.60594,-0.205693,6.17339,0.146751,6.60594,-0.215242,All
30.3636,0.396977,30.3636,0.0613644,30.3636,0.343236,6.73457,-0.284763,6.35548,0.118952,6.73457,-0.293631,All
30.8182,0.418522,30.8182,0.0791788,30.8182,0.366109,6.86319,-0.321533,6.53757,0.0997899,6.86319,-0.329878,All
31.2727,0.440066,31.2727,0.0969932,31.2727,0.388982,6.99182,-0.35013,6.71967,0.113253,6.99182,-0.357966,All
31.7273,0.461611,31.7273,0.114808,31.7273,0.411854,7.12045,-0.308076,6.90176,0.156593,7.12045,-0.315725,All
32.1818,0.483156,32.1818,0.132622,32.1818,0.434727,7.24907,-0.247871,7.08386,0.215304,7.24907,-0.256205,All
32.6364,0.5047,32.6364,0.150436,32.6364,0.4576,7.3777,-0.187667,7.26595,0.27428,7.3777,-0.196684,All
33.0909,0.537803,33.0909,0.187064,33.0909,0.493391,7.50632,-0.260748,7.44804,0.318283,7.50632,-0.273927,All
33.5455,0.617138,33.5455,0.298945,33.5455,0.58085,7.63495,-0.34172,7.63014,0.328799,7.63495,-0.359267,All
34,0.696473,34,0.410826,34,0.66831,7.76358,-0.447489,7.81223,0.305378,7.76358,-0.469865,All
