popPred_spline_abscissa,popPred_spline,popPred_ci_abscissa,popPred_piLower,popPred_piUpper,indivPred_spline_abscissa,indivPred_spline,indivPred_ci_abscissa,indivPred_piLower,indivPred_piUpper,split
-4.9704,-2.83313,-4.9704,-7.30469,-2.63612,-10.2151,-10.3796,-10.2151,-12.5493,-7.88078,All
-4.84178,-3.14547,-4.84178,-7.17606,-2.50749,-10.033,-10.1984,-10.033,-12.3673,-7.69868,All
-4.71315,-3.45769,-4.71315,-7.04744,-2.37887,-9.85087,-10.0171,-9.85087,-12.1852,-7.51659,All
-4.58453,-3.76992,-4.58453,-6.91881,-2.25024,-9.66878,-9.83584,-9.66878,-12.0031,-7.3345,All
-4.4559,-3.83632,-4.4559,-6.79018,-2.12162,-9.48669,-9.65458,-9.48669,-11.821,-7.1524,All
-4.32727,-3.82638,-4.32727,-6.66156,-1.99299,-9.30459,-9.47332,-9.30459,-11.6389,-6.97031,All
-4.19865,-3.81644,-4.19865,-6.53293,-1.86436,-9.1225,-9.29206,-9.1225,-11.4568,-6.78821,All
-4.07002,-3.8065,-4.07002,-6.4043,-1.73574,-8.9404,-9.1108,-8.9404,-11.2747,-6.60612,All
-3.94139,-3.79656,-3.94139,-6.27568,-1.60711,-8.75831,-8.93014,-8.75831,-11.0926,-6.42403,All
-3.81277,-3.78662,-3.81277,-6.14705,-1.47848,-8.57622,-8.75456,-8.57622,-10.9105,-6.24193,All
-3.68414,-3.62965,-3.68414,-6.01843,-1.34986,-8.39412,-8.57898,-8.39412,-10.7284,-6.05984,All
-3.55552,-3.43785,-3.55552,-5.8898,-1.22123,-8.21203,-8.40341,-8.21203,-10.5463,-5.87774,All
-3.42689,-3.24606,-3.42689,-5.76117,-1.09261,-8.02993,-8.22783,-8.02993,-10.3642,-5.69565,All
-3.29826,-3.03741,-3.29826,-5.63255,-0.963981,-7.84784,-8.05225,-7.84784,-10.1821,-5.51356,All
-3.16964,-2.81641,-3.16964,-5.50392,-0.835354,-7.66575,-7.87667,-7.66575,-10,-5.33146,All
-3.04101,-2.59541,-3.04101,-5.3753,-0.706728,-7.48365,-7.70166,-7.48365,-9.81794,-5.14937,All
-2.91239,-2.37951,-2.91239,-5.24667,-0.578102,-7.30156,-7.52652,-7.30156,-9.63584,-4.96728,All
-2.78376,-2.2055,-2.78376,-5.11804,-0.449476,-7.11947,-7.3513,-7.11947,-9.45375,-4.78518,All
-2.65513,-2.03867,-2.65513,-4.98942,-0.32085,-6.93737,-7.17502,-6.93737,-9.27166,-4.60309,All
-2.52651,-1.87703,-2.52651,-4.86079,-0.192224,-6.75528,-6.99864,-6.75528,-9.08956,-4.42099,All
-2.39788,-1.79203,-2.39788,-4.73217,-0.0635981,-6.57318,-6.82226,-6.57318,-8.90747,-4.2389,All
-2.26926,-1.72783,-2.26926,-4.60354,0.065028,-6.39109,-6.64425,-6.39109,-8.72537,-4.05681,All
-2.14063,-1.66363,-2.14063,-4.47491,0.193654,-6.209,-6.46523,-6.209,-8.54328,-3.87471,All
-2.012,-1.6358,-2.012,-4.34629,0.32228,-6.0269,-6.28621,-6.0269,-8.36119,-3.69262,All
-1.88338,-1.62306,-1.88338,-4.21766,0.450906,-5.84481,-6.10628,-5.84481,-8.17909,-3.51052,All
-1.75475,-1.61033,-1.75475,-4.08904,0.579532,-5.66271,-5.92452,-5.66271,-7.997,-3.32843,All
-1.62613,-1.5969,-1.62613,-3.96041,0.708158,-5.48062,-5.74115,-5.48062,-7.8149,-3.14634,All
-1.4975,-1.56734,-1.4975,-3.83178,0.836784,-5.29853,-5.55653,-5.29853,-7.63281,-2.96424,All
-1.36887,-1.53779,-1.36887,-3.70316,0.96541,-5.11643,-5.37,-5.11643,-7.45072,-2.78215,All
-1.24025,-1.49583,-1.24025,-3.57453,1.09404,-4.93434,-5.18162,-4.93434,-7.26862,-2.60006,All
-1.11162,-1.4025,-1.11162,-3.44591,1.22266,-4.75225,-4.99222,-4.75225,-7.08653,-2.41796,All
-0.982995,-1.30434,-0.982995,-3.31728,1.35129,-4.57015,-4.80024,-4.57015,-6.90444,-2.23587,All
-0.854369,-1.20269,-0.854369,-3.18865,1.47991,-4.38806,-4.60576,-4.38806,-6.72234,-2.05377,All
-0.725743,-1.08058,-0.725743,-3.06003,1.60854,-4.20596,-4.41016,-4.20596,-6.54025,-1.87168,All
-0.597117,-0.958043,-0.597117,-2.9314,1.73717,-4.02387,-4.21243,-4.02387,-6.35815,-1.68959,All
-0.468491,-0.835504,-0.468491,-2.80278,1.86579,-3.84178,-4.0132,-3.84178,-6.17606,-1.50749,All
-0.339865,-0.72878,-0.339865,-2.67415,1.99442,-3.65968,-3.81276,-3.65968,-5.99397,-1.3254,All
-0.211239,-0.629583,-0.211239,-2.54552,2.12304,-3.47759,-3.61161,-3.47759,-5.81187,-1.1433,All
-0.082613,-0.530385,-0.082613,-2.4169,2.25167,-3.29549,-3.40971,-3.29549,-5.62978,-0.961211,All
0.0460131,-0.41266,0.0460131,-2.28827,2.3803,-3.1134,-3.20763,-3.1134,-5.44768,-0.779117,All
0.174639,-0.243341,0.174639,-2.15964,2.50892,-2.93131,-3.00545,-2.93131,-5.26559,-0.597023,All
0.303265,-0.0740216,0.303265,-2.03102,2.63755,-2.74921,-2.80355,-2.74921,-5.0835,-0.414929,All
0.431891,0.12937,0.431891,-1.90239,2.76618,-2.56712,-2.60295,-2.56712,-4.9014,-0.232835,All
0.560517,0.346463,0.560517,-1.77377,2.8948,-2.38503,-2.40487,-2.38503,-4.71931,-0.0507413,All
0.689143,0.560965,0.689143,-1.64514,3.02343,-2.20293,-2.21047,-2.20293,-4.53722,0.131353,All
0.817769,0.659017,0.817769,-1.51651,3.15205,-2.02084,-2.02246,-2.02084,-4.35512,0.313446,All
0.946395,0.602893,0.946395,-1.38789,3.28068,-1.83874,-1.83992,-1.83874,-4.17303,0.49554,All
1.07502,0.531278,1.07502,-1.25926,3.40931,-1.65665,-1.66608,-1.65665,-3.99093,0.677634,All
1.20365,0.459662,1.20365,-1.13064,3.53793,-1.47456,-1.49709,-1.47456,-3.80884,0.859728,All
1.33227,0.91873,1.33227,-1.00201,3.66656,-1.29246,-1.32599,-1.29246,-3.62675,1.04182,All
1.4609,1.20721,1.4609,-0.873384,3.79518,-1.11037,-1.14599,-1.11037,-3.44465,1.22392,All
1.58953,1.22943,1.58953,-0.744758,3.92381,-0.928274,-0.948952,-0.928274,-3.26256,1.40601,All
1.71815,1.08255,1.71815,-0.616132,4.05244,-0.746181,-0.730698,-0.746181,-3.08046,1.5881,All
1.84678,1.11977,1.84678,-0.487506,4.18106,-0.564087,-0.502988,-0.564087,-2.89837,1.7702,All
1.9754,1.15699,1.9754,-0.35888,4.30969,-0.381993,-0.279069,-0.381993,-2.71628,1.95229,All
2.10403,1.3348,2.10403,-0.230254,4.43831,-0.199899,-0.0732787,-0.199899,-2.53418,2.13439,All
2.23266,1.51152,2.23266,-0.101628,4.56694,-0.0178051,0.0990529,-0.0178051,-2.35209,2.31648,All
2.36128,1.68791,2.36128,0.0269981,4.69557,0.164289,0.238735,0.164289,-2.17,2.49857,All
2.48991,1.85872,2.48991,0.155624,4.82419,0.346383,0.358727,0.346383,-1.9879,2.68067,All
2.61853,1.99405,2.61853,0.28425,4.95282,0.528476,0.475178,0.528476,-1.80581,2.86276,All
2.74716,2.11735,2.74716,0.412876,5.08144,0.71057,0.602217,0.71057,-1.62371,3.04485,All
2.87579,2.1768,2.87579,0.541502,5.21007,0.892664,0.754731,0.892664,-1.44162,3.22695,All
3.00441,2.14814,3.00441,0.670128,5.3387,1.07476,0.952365,1.07476,-1.25953,3.40904,All
3.13304,2.16081,3.13304,0.798755,5.46732,1.25685,1.20217,1.25685,-1.07743,3.59114,All
3.26166,2.26849,3.26166,0.927381,5.59595,1.43895,1.42239,1.43895,-0.895338,3.77323,All
3.39029,2.65778,3.39029,1.05601,5.72457,1.62104,1.59995,1.62104,-0.713244,3.95532,All
3.51892,2.7738,3.51892,1.18463,5.8532,1.80313,1.82985,1.80313,-0.531151,4.13742,All
3.64754,2.88586,3.64754,1.31326,5.98183,1.98523,2.05496,1.98523,-0.349057,4.31951,All
3.77617,2.83427,3.77617,1.44188,6.11045,2.16732,2.23287,2.16732,-0.166963,4.50161,All
3.90479,2.97423,3.90479,1.57051,6.23908,2.34942,2.39711,2.34942,0.015131,4.6837,All
4.03342,3.11418,4.03342,1.69914,6.3677,2.53151,2.58387,2.53151,0.197225,4.86579,All
4.16205,3.29615,4.16205,1.82776,6.49633,2.7136,2.78102,2.7136,0.379319,5.04789,All
4.29067,3.43254,4.29067,1.95639,6.62496,2.8957,2.9678,2.8957,0.561413,5.22998,All
4.4193,3.52051,4.4193,2.08502,6.75358,3.07779,3.15583,3.07779,0.743506,5.41207,All
4.54793,3.60267,4.54793,2.21364,6.88221,3.25988,3.36511,3.25988,0.9256,5.59417,All
4.67655,3.71328,4.67655,2.34227,7.01084,3.44198,3.5908,3.44198,1.10769,5.77626,All
4.80518,3.8347,4.80518,2.47089,7.13946,3.62407,3.82144,3.62407,1.28979,5.95836,All
4.9338,3.95588,4.9338,2.59952,7.26809,3.80617,4.03499,3.80617,1.47188,6.14045,All
5.06243,4.06848,5.06243,2.72815,7.39671,3.98826,4.20789,3.98826,1.65398,6.32254,All
5.19106,4.17203,5.19106,2.85677,7.52534,4.17035,4.34466,4.17035,1.83607,6.50464,All
5.31968,4.27491,5.31968,2.9854,7.65397,4.35245,4.47255,4.35245,2.01816,6.68673,All
5.44831,4.37073,5.44831,3.11402,7.78259,4.53454,4.62364,4.53454,2.20026,6.86883,All
5.57693,4.49572,5.57693,3.24265,7.91122,4.71664,4.83255,4.71664,2.38235,7.05092,All
5.70556,4.62071,5.70556,3.37128,8.03984,4.89873,5.07081,4.89873,2.56445,7.23301,All
5.83419,4.81699,5.83419,3.4999,8.16847,5.08082,5.2291,5.08082,2.74654,7.41511,All
5.96281,5.0605,5.96281,3.62853,8.2971,5.26292,5.32708,5.26292,2.92863,7.5972,All
6.09144,5.30648,6.09144,3.75715,8.42572,5.44501,5.47721,5.44501,3.11073,7.77929,All
6.22006,5.49149,6.22006,3.88578,8.55435,5.6271,5.7198,5.6271,3.29282,7.96139,All
6.34869,5.53029,6.34869,4.01441,8.68297,5.8092,5.98951,5.8092,3.47491,8.14348,All
6.47732,5.52563,6.47732,4.14303,8.8116,5.99129,6.21522,5.99129,3.65701,8.32558,All
6.60594,5.50491,6.60594,4.27166,8.94023,6.17339,6.38165,6.17339,3.8391,8.50767,All
6.73457,5.47041,6.73457,4.40028,9.06885,6.35548,6.52429,6.35548,4.0212,8.68976,All
6.86319,5.5249,6.86319,4.52891,9.19748,6.53757,6.67919,6.53757,4.20329,8.87186,All
6.99182,5.59644,6.99182,4.65754,9.3261,6.71967,6.88039,6.71967,4.38538,9.05395,All
7.12045,5.81358,7.12045,4.78616,9.45473,6.90176,7.12399,6.90176,4.56748,9.23605,All
7.24907,6.06112,7.24907,4.91479,9.58336,7.08386,7.3894,7.08386,4.74957,9.41814,All
7.3777,6.30865,7.3777,5.04341,9.71198,7.26595,7.65519,7.26595,4.93167,9.60023,All
7.50632,6.24649,7.50632,5.17204,9.84061,7.44804,7.89973,7.44804,5.11376,9.78233,All
7.63495,6.16599,7.63495,5.30067,9.96923,7.63014,8.09675,7.63014,5.29585,9.96442,All
7.76358,6.02949,7.76358,5.42929,10.0979,7.81223,8.24561,7.81223,5.47795,10.1465,All
