standEta_tin_abscissa,standEta_tin_cdf,standEta_beta_abscissa,standEta_beta_cdf,standEta_delta_abscissa,standEta_delta_cdf,standEta_p_abscissa,standEta_p_cdf,split
-4,0,-4,0,-4,0,-4,0,All
-3.00922,0.000793651,-3.25463,0.000793651,-3.87217,0.000793651,-3.51458,0.000793651,All
-2.99965,0.0015873,-2.91824,0.0015873,-3.3227,0.0015873,-3.08227,0.0015873,All
-2.89467,0.00238095,-2.69442,0.00238095,-3.21392,0.00238095,-2.90783,0.00238095,All
-2.84926,0.0031746,-2.62919,0.0031746,-3.09984,0.0031746,-2.89818,0.0031746,All
-2.81479,0.00396825,-2.55731,0.00396825,-3.06327,0.00396825,-2.69148,0.00396825,All
-2.80885,0.0047619,-2.43787,0.0047619,-2.99027,0.0047619,-2.56046,0.0047619,All
-2.80885,0.00555556,-2.42966,0.00555556,-2.98157,0.00555556,-2.44046,0.00555556,All
-2.74741,0.00634921,-2.42118,0.00634921,-2.84246,0.00634921,-2.42659,0.00634921,All
-2.69633,0.00714286,-2.36616,0.00714286,-2.65304,0.00714286,-2.38791,0.00714286,All
-2.68933,0.00793651,-2.22655,0.00793651,-2.65266,0.00793651,-2.38612,0.00793651,All
-2.67669,0.00873016,-2.22153,0.00873016,-2.6505,0.00873016,-2.38258,0.00873016,All
-2.61262,0.00952381,-2.21718,0.00952381,-2.62241,0.00952381,-2.35351,0.00952381,All
-2.59305,0.0103175,-2.21097,0.0103175,-2.50551,0.0103175,-2.34878,0.0103175,All
-2.57971,0.0111111,-2.20991,0.0111111,-2.48614,0.0111111,-2.34689,0.0111111,All
-2.56634,0.0119048,-2.18238,0.0119048,-2.47983,0.0119048,-2.33174,0.0119048,All
-2.50915,0.0126984,-2.16375,0.0126984,-2.43898,0.0126984,-2.3227,0.0126984,All
-2.50915,0.0134921,-2.12347,0.0134921,-2.40628,0.0134921,-2.27682,0.0134921,All
-2.4948,0.0142857,-2.11446,0.0142857,-2.40149,0.0142857,-2.24106,0.0142857,All
-2.46674,0.0150794,-2.09421,0.0150794,-2.37642,0.0150794,-2.23741,0.0150794,All
-2.4274,0.015873,-2.09029,0.015873,-2.3135,0.015873,-2.22606,0.015873,All
-2.42644,0.0166667,-2.08133,0.0166667,-2.30751,0.0166667,-2.21643,0.0166667,All
-2.38945,0.0174603,-2.07641,0.0174603,-2.27819,0.0174603,-2.19927,0.0174603,All
-2.38756,0.018254,-2.06892,0.018254,-2.24438,0.018254,-2.18056,0.018254,All
-2.37925,0.0190476,-2.017,0.0190476,-2.21131,0.0190476,-2.16174,0.0190476,All
-2.37925,0.0198413,-2.00604,0.0198413,-2.16811,0.0198413,-2.15729,0.0198413,All
-2.37613,0.0206349,-1.99369,0.0206349,-2.16261,0.0206349,-2.1145,0.0206349,All
-2.37138,0.0214286,-1.98843,0.0214286,-2.13485,0.0214286,-2.07175,0.0214286,All
-2.36632,0.0222222,-1.97096,0.0222222,-2.13192,0.0222222,-2.06318,0.0222222,All
-2.33296,0.0230159,-1.94662,0.0230159,-2.11745,0.0230159,-2.05582,0.0230159,All
-2.32984,0.0238095,-1.94005,0.0238095,-2.11579,0.0238095,-2.03973,0.0238095,All
-2.32448,0.0246032,-1.92945,0.0246032,-2.07658,0.0246032,-2.01571,0.0246032,All
-2.32448,0.0253968,-1.91131,0.0253968,-2.05879,0.0253968,-2.00954,0.0253968,All
-2.27321,0.0261905,-1.89983,0.0261905,-2.03453,0.0261905,-1.98769,0.0261905,All
-2.22043,0.0269841,-1.88818,0.0269841,-2.03141,0.0269841,-1.95678,0.0269841,All
-2.21676,0.0277778,-1.88646,0.0277778,-2.00898,0.0277778,-1.95636,0.0277778,All
-2.19641,0.0285714,-1.88568,0.0285714,-2.00335,0.0285714,-1.94361,0.0285714,All
-2.18132,0.0293651,-1.87543,0.0293651,-1.99354,0.0293651,-1.94361,0.0293651,All
-2.11553,0.0301587,-1.86381,0.0301587,-1.98428,0.0301587,-1.88883,0.0301587,All
-2.09089,0.0309524,-1.85586,0.0309524,-1.95711,0.0309524,-1.88439,0.0309524,All
-2.07588,0.031746,-1.84395,0.031746,-1.95308,0.031746,-1.88107,0.031746,All
-2.07578,0.0325397,-1.82516,0.0325397,-1.94274,0.0325397,-1.87621,0.0325397,All
-2.06741,0.0333333,-1.80107,0.0333333,-1.88733,0.0333333,-1.87397,0.0333333,All
-2.06525,0.034127,-1.75567,0.034127,-1.88393,0.034127,-1.85409,0.034127,All
-2.00424,0.0349206,-1.75103,0.0349206,-1.88155,0.0349206,-1.81472,0.0349206,All
-1.99235,0.0357143,-1.74226,0.0357143,-1.87556,0.0357143,-1.80532,0.0357143,All
-1.96792,0.0365079,-1.6993,0.0365079,-1.87461,0.0365079,-1.80171,0.0365079,All
-1.95747,0.0373016,-1.69809,0.0373016,-1.87142,0.0373016,-1.79739,0.0373016,All
-1.95276,0.0380952,-1.68185,0.0380952,-1.86694,0.0380952,-1.79597,0.0380952,All
-1.93273,0.0388889,-1.67318,0.0388889,-1.86594,0.0388889,-1.77854,0.0388889,All
-1.92005,0.0396825,-1.67025,0.0396825,-1.85045,0.0396825,-1.77397,0.0396825,All
-1.91992,0.0404762,-1.66936,0.0404762,-1.84045,0.0404762,-1.76264,0.0404762,All
-1.88411,0.0412698,-1.66644,0.0412698,-1.83031,0.0412698,-1.76044,0.0412698,All
-1.85798,0.0420635,-1.66271,0.0420635,-1.8261,0.0420635,-1.75975,0.0420635,All
-1.85028,0.0428571,-1.65265,0.0428571,-1.82269,0.0428571,-1.73978,0.0428571,All
-1.84292,0.0436508,-1.64301,0.0436508,-1.80689,0.0436508,-1.7338,0.0436508,All
-1.82938,0.0444444,-1.63888,0.0444444,-1.80596,0.0444444,-1.7269,0.0444444,All
-1.82656,0.0452381,-1.63679,0.0452381,-1.80567,0.0452381,-1.72281,0.0452381,All
-1.82397,0.0460317,-1.62989,0.0460317,-1.79906,0.0460317,-1.68868,0.0460317,All
-1.81773,0.0468254,-1.61619,0.0468254,-1.77408,0.0468254,-1.68086,0.0468254,All
-1.80837,0.047619,-1.61072,0.047619,-1.74865,0.047619,-1.67021,0.047619,All
-1.80018,0.0484127,-1.60096,0.0484127,-1.74083,0.0484127,-1.66361,0.0484127,All
-1.77672,0.0492063,-1.59673,0.0492063,-1.72885,0.0492063,-1.65949,0.0492063,All
-1.76883,0.05,-1.59649,0.05,-1.72767,0.05,-1.65739,0.05,All
-1.76454,0.0507937,-1.59249,0.0507937,-1.70654,0.0507937,-1.64885,0.0507937,All
-1.73792,0.0515873,-1.58712,0.0515873,-1.70494,0.0515873,-1.64746,0.0515873,All
-1.70606,0.052381,-1.57164,0.052381,-1.70453,0.052381,-1.64531,0.052381,All
-1.69682,0.0531746,-1.56883,0.0531746,-1.70161,0.0531746,-1.63851,0.0531746,All
-1.67028,0.0539683,-1.55513,0.0539683,-1.69909,0.0539683,-1.63826,0.0539683,All
-1.66894,0.0547619,-1.55295,0.0547619,-1.69233,0.0547619,-1.61935,0.0547619,All
-1.66705,0.0555556,-1.55218,0.0555556,-1.68052,0.0555556,-1.61909,0.0555556,All
-1.66363,0.0563492,-1.55041,0.0563492,-1.67089,0.0563492,-1.59632,0.0563492,All
-1.66238,0.0571429,-1.52822,0.0571429,-1.66388,0.0571429,-1.59592,0.0571429,All
-1.65667,0.0579365,-1.52365,0.0579365,-1.65748,0.0579365,-1.5844,0.0579365,All
-1.65303,0.0587302,-1.51728,0.0587302,-1.65723,0.0587302,-1.5843,0.0587302,All
-1.6441,0.0595238,-1.51539,0.0595238,-1.65463,0.0595238,-1.58207,0.0595238,All
-1.64169,0.0603175,-1.48874,0.0603175,-1.63601,0.0603175,-1.58191,0.0603175,All
-1.63954,0.0611111,-1.48872,0.0611111,-1.61635,0.0611111,-1.56506,0.0611111,All
-1.63255,0.0619048,-1.48837,0.0619048,-1.61268,0.0619048,-1.56363,0.0619048,All
-1.63252,0.0626984,-1.48281,0.0626984,-1.60437,0.0626984,-1.56214,0.0626984,All
-1.63222,0.0634921,-1.45452,0.0634921,-1.60269,0.0634921,-1.52773,0.0634921,All
-1.62026,0.0642857,-1.45045,0.0642857,-1.5921,0.0642857,-1.52766,0.0642857,All
-1.61484,0.0650794,-1.44543,0.0650794,-1.59102,0.0650794,-1.51051,0.0650794,All
-1.60951,0.065873,-1.43346,0.065873,-1.58552,0.065873,-1.50678,0.065873,All
-1.60026,0.0666667,-1.43106,0.0666667,-1.55902,0.0666667,-1.49932,0.0666667,All
-1.5965,0.0674603,-1.41777,0.0674603,-1.55829,0.0674603,-1.49286,0.0674603,All
-1.59004,0.068254,-1.41719,0.068254,-1.54932,0.068254,-1.49184,0.068254,All
-1.58949,0.0690476,-1.41682,0.0690476,-1.54479,0.0690476,-1.48853,0.0690476,All
-1.57806,0.0698413,-1.41448,0.0698413,-1.54408,0.0698413,-1.48266,0.0698413,All
-1.5749,0.0706349,-1.40917,0.0706349,-1.54065,0.0706349,-1.46623,0.0706349,All
-1.56292,0.0714286,-1.39047,0.0714286,-1.52476,0.0714286,-1.46427,0.0714286,All
-1.56062,0.0722222,-1.38778,0.0722222,-1.51523,0.0722222,-1.4639,0.0722222,All
-1.55271,0.0730159,-1.38606,0.0730159,-1.51164,0.0730159,-1.45413,0.0730159,All
-1.54823,0.0738095,-1.38202,0.0738095,-1.50241,0.0738095,-1.44265,0.0738095,All
-1.51735,0.0746032,-1.37131,0.0746032,-1.50153,0.0746032,-1.43455,0.0746032,All
-1.51603,0.0753968,-1.34073,0.0753968,-1.50034,0.0753968,-1.43324,0.0753968,All
-1.51346,0.0761905,-1.33916,0.0761905,-1.4924,0.0761905,-1.42754,0.0761905,All
-1.50615,0.0769841,-1.33676,0.0769841,-1.4919,0.0769841,-1.42323,0.0769841,All
-1.4984,0.0777778,-1.32764,0.0777778,-1.48524,0.0777778,-1.42223,0.0777778,All
-1.48414,0.0785714,-1.32228,0.0785714,-1.48316,0.0785714,-1.41636,0.0785714,All
-1.45687,0.0793651,-1.31852,0.0793651,-1.47694,0.0793651,-1.40688,0.0793651,All
-1.45351,0.0801587,-1.31688,0.0801587,-1.44607,0.0801587,-1.39347,0.0801587,All
-1.45267,0.0809524,-1.30615,0.0809524,-1.44489,0.0809524,-1.39331,0.0809524,All
-1.44816,0.081746,-1.30257,0.081746,-1.43377,0.081746,-1.39273,0.081746,All
-1.43465,0.0825397,-1.301,0.0825397,-1.42799,0.0825397,-1.39058,0.0825397,All
-1.42713,0.0833333,-1.29764,0.0833333,-1.42496,0.0833333,-1.3828,0.0833333,All
-1.41924,0.084127,-1.29512,0.084127,-1.42424,0.084127,-1.36167,0.084127,All
-1.39504,0.0849206,-1.29087,0.0849206,-1.41419,0.0849206,-1.34508,0.0849206,All
-1.39143,0.0857143,-1.28987,0.0857143,-1.41373,0.0857143,-1.3396,0.0857143,All
-1.38366,0.0865079,-1.28887,0.0865079,-1.39684,0.0865079,-1.33406,0.0865079,All
-1.38034,0.0873016,-1.28318,0.0873016,-1.38224,0.0873016,-1.33265,0.0873016,All
-1.36989,0.0880952,-1.27381,0.0880952,-1.37765,0.0880952,-1.33261,0.0880952,All
-1.35046,0.0888889,-1.27013,0.0888889,-1.37674,0.0888889,-1.32454,0.0888889,All
-1.34915,0.0896825,-1.26929,0.0896825,-1.36059,0.0896825,-1.32158,0.0896825,All
-1.34641,0.0904762,-1.26848,0.0904762,-1.35596,0.0904762,-1.3209,0.0904762,All
-1.33293,0.0912698,-1.26654,0.0912698,-1.34455,0.0912698,-1.31957,0.0912698,All
-1.33249,0.0920635,-1.26594,0.0920635,-1.34411,0.0920635,-1.31942,0.0920635,All
-1.327,0.0928571,-1.25863,0.0928571,-1.33942,0.0928571,-1.31357,0.0928571,All
-1.32519,0.0936508,-1.25367,0.0936508,-1.33806,0.0936508,-1.30986,0.0936508,All
-1.32019,0.0944444,-1.24766,0.0944444,-1.33754,0.0944444,-1.30872,0.0944444,All
-1.31224,0.0952381,-1.24766,0.0952381,-1.33698,0.0952381,-1.29921,0.0952381,All
-1.30697,0.0960317,-1.24752,0.0960317,-1.33693,0.0960317,-1.28809,0.0960317,All
-1.30442,0.0968254,-1.24744,0.0968254,-1.33484,0.0968254,-1.27696,0.0968254,All
-1.29623,0.097619,-1.23906,0.097619,-1.33093,0.097619,-1.27654,0.097619,All
-1.28815,0.0984127,-1.23891,0.0984127,-1.32874,0.0984127,-1.26127,0.0984127,All
-1.28707,0.0992063,-1.2363,0.0992063,-1.32652,0.0992063,-1.25931,0.0992063,All
-1.27467,0.1,-1.23582,0.1,-1.3261,0.1,-1.25859,0.1,All
-1.26263,0.100794,-1.23251,0.100794,-1.32549,0.100794,-1.25436,0.100794,All
-1.25697,0.101587,-1.23001,0.101587,-1.32046,0.101587,-1.25172,0.101587,All
-1.25083,0.102381,-1.22823,0.102381,-1.31317,0.102381,-1.24644,0.102381,All
-1.24869,0.103175,-1.22742,0.103175,-1.3022,0.103175,-1.23535,0.103175,All
-1.24726,0.103968,-1.22409,0.103968,-1.29869,0.103968,-1.21836,0.103968,All
-1.24624,0.104762,-1.21925,0.104762,-1.29866,0.104762,-1.21054,0.104762,All
-1.24224,0.105556,-1.21874,0.105556,-1.28991,0.105556,-1.20115,0.105556,All
-1.23816,0.106349,-1.20245,0.106349,-1.27977,0.106349,-1.20054,0.106349,All
-1.23758,0.107143,-1.19107,0.107143,-1.27767,0.107143,-1.1996,0.107143,All
-1.22752,0.107937,-1.18599,0.107937,-1.27272,0.107937,-1.19878,0.107937,All
-1.22049,0.10873,-1.17747,0.10873,-1.26026,0.10873,-1.18986,0.10873,All
-1.20972,0.109524,-1.1759,0.109524,-1.25941,0.109524,-1.1898,0.109524,All
-1.2014,0.110317,-1.17123,0.110317,-1.25362,0.110317,-1.18375,0.110317,All
-1.19649,0.111111,-1.16367,0.111111,-1.22907,0.111111,-1.17919,0.111111,All
-1.18562,0.111905,-1.16105,0.111905,-1.22852,0.111905,-1.17221,0.111905,All
-1.18348,0.112698,-1.15351,0.112698,-1.21864,0.112698,-1.17195,0.112698,All
-1.18177,0.113492,-1.15052,0.113492,-1.21165,0.113492,-1.17147,0.113492,All
-1.17591,0.114286,-1.14833,0.114286,-1.21151,0.114286,-1.1707,0.114286,All
-1.1739,0.115079,-1.14384,0.115079,-1.20616,0.115079,-1.16938,0.115079,All
-1.16863,0.115873,-1.13767,0.115873,-1.20179,0.115873,-1.16837,0.115873,All
-1.16828,0.116667,-1.13654,0.116667,-1.20132,0.116667,-1.16018,0.116667,All
-1.16598,0.11746,-1.13293,0.11746,-1.19589,0.11746,-1.15978,0.11746,All
-1.15444,0.118254,-1.12647,0.118254,-1.19204,0.118254,-1.15916,0.118254,All
-1.15395,0.119048,-1.12221,0.119048,-1.19147,0.119048,-1.15672,0.119048,All
-1.15232,0.119841,-1.11935,0.119841,-1.19079,0.119841,-1.13938,0.119841,All
-1.14265,0.120635,-1.1179,0.120635,-1.18826,0.120635,-1.13698,0.120635,All
-1.13921,0.121429,-1.11551,0.121429,-1.17997,0.121429,-1.12752,0.121429,All
-1.13008,0.122222,-1.11084,0.122222,-1.17235,0.122222,-1.12638,0.122222,All
-1.12273,0.123016,-1.10851,0.123016,-1.17172,0.123016,-1.12543,0.123016,All
-1.11813,0.12381,-1.10052,0.12381,-1.16984,0.12381,-1.12263,0.12381,All
-1.11746,0.124603,-1.10038,0.124603,-1.16132,0.124603,-1.11774,0.124603,All
-1.1174,0.125397,-1.09641,0.125397,-1.15766,0.125397,-1.11751,0.125397,All
-1.11149,0.12619,-1.0948,0.12619,-1.15666,0.12619,-1.11495,0.12619,All
-1.10978,0.126984,-1.09417,0.126984,-1.15453,0.126984,-1.1143,0.126984,All
-1.10305,0.127778,-1.08758,0.127778,-1.15168,0.127778,-1.10728,0.127778,All
-1.09455,0.128571,-1.07716,0.128571,-1.1504,0.128571,-1.10295,0.128571,All
-1.09418,0.129365,-1.07513,0.129365,-1.14982,0.129365,-1.10028,0.129365,All
-1.09286,0.130159,-1.072,0.130159,-1.14666,0.130159,-1.09982,0.130159,All
-1.08742,0.130952,-1.072,0.130952,-1.14449,0.130952,-1.09779,0.130952,All
-1.08631,0.131746,-1.0669,0.131746,-1.14413,0.131746,-1.09298,0.131746,All
-1.08437,0.13254,-1.06572,0.13254,-1.14261,0.13254,-1.09279,0.13254,All
-1.07879,0.133333,-1.06231,0.133333,-1.13887,0.133333,-1.09265,0.133333,All
-1.07582,0.134127,-1.06091,0.134127,-1.13716,0.134127,-1.09008,0.134127,All
-1.06917,0.134921,-1.05974,0.134921,-1.13274,0.134921,-1.08594,0.134921,All
-1.06766,0.135714,-1.05504,0.135714,-1.12659,0.135714,-1.08582,0.135714,All
-1.06483,0.136508,-1.05481,0.136508,-1.12619,0.136508,-1.08424,0.136508,All
-1.0643,0.137302,-1.054,0.137302,-1.12478,0.137302,-1.08354,0.137302,All
-1.05592,0.138095,-1.05275,0.138095,-1.11993,0.138095,-1.07934,0.138095,All
-1.05366,0.138889,-1.04312,0.138889,-1.11411,0.138889,-1.07765,0.138889,All
-1.05112,0.139683,-1.04147,0.139683,-1.11103,0.139683,-1.07445,0.139683,All
-1.04836,0.140476,-1.03923,0.140476,-1.10819,0.140476,-1.07254,0.140476,All
-1.04682,0.14127,-1.03357,0.14127,-1.1067,0.14127,-1.07085,0.14127,All
-1.04101,0.142063,-1.03344,0.142063,-1.07951,0.142063,-1.06434,0.142063,All
-1.03078,0.142857,-1.03266,0.142857,-1.07438,0.142857,-1.06124,0.142857,All
-1.02845,0.143651,-1.02975,0.143651,-1.07258,0.143651,-1.05706,0.143651,All
-1.02416,0.144444,-1.02789,0.144444,-1.0693,0.144444,-1.04491,0.144444,All
-1.02019,0.145238,-1.02415,0.145238,-1.06532,0.145238,-1.03896,0.145238,All
-1.01513,0.146032,-1.02269,0.146032,-1.06328,0.146032,-1.03862,0.146032,All
-1.01459,0.146825,-1.01604,0.146825,-1.06076,0.146825,-1.03495,0.146825,All
-1.00442,0.147619,-1.0148,0.147619,-1.06056,0.147619,-1.03365,0.147619,All
-1.00264,0.148413,-1.0113,0.148413,-1.05413,0.148413,-1.0336,0.148413,All
-0.999284,0.149206,-1.00785,0.149206,-1.05291,0.149206,-1.03265,0.149206,All
-0.997702,0.15,-1.00704,0.15,-1.04828,0.15,-1.02896,0.15,All
-0.99539,0.150794,-1.00538,0.150794,-1.04562,0.150794,-1.0287,0.150794,All
-0.99505,0.151587,-1.00431,0.151587,-1.03671,0.151587,-1.01789,0.151587,All
-0.993381,0.152381,-1.00327,0.152381,-1.0367,0.152381,-1.01339,0.152381,All
-0.988743,0.153175,-1.00307,0.153175,-1.03487,0.153175,-1.01324,0.153175,All
-0.984391,0.153968,-0.998079,0.153968,-1.03315,0.153968,-1.01066,0.153968,All
-0.982291,0.154762,-0.996891,0.154762,-1.02967,0.154762,-1.0081,0.154762,All
-0.980437,0.155556,-0.995042,0.155556,-1.01772,0.155556,-1.00516,0.155556,All
-0.976592,0.156349,-0.993112,0.156349,-1.0168,0.156349,-1.004,0.156349,All
-0.966603,0.157143,-0.992569,0.157143,-1.01654,0.157143,-1.00292,0.157143,All
-0.966149,0.157937,-0.992465,0.157937,-1.00335,0.157937,-1.0022,0.157937,All
-0.964674,0.15873,-0.99219,0.15873,-1.0026,0.15873,-0.99363,0.15873,All
-0.961417,0.159524,-0.989999,0.159524,-1.00197,0.159524,-0.983624,0.159524,All
-0.957322,0.160317,-0.989287,0.160317,-1.00044,0.160317,-0.979953,0.160317,All
-0.955868,0.161111,-0.987378,0.161111,-0.995634,0.161111,-0.97548,0.161111,All
-0.954644,0.161905,-0.987142,0.161905,-0.995161,0.161905,-0.973495,0.161905,All
-0.9513,0.162698,-0.986719,0.162698,-0.994189,0.162698,-0.963293,0.162698,All
-0.948141,0.163492,-0.981852,0.163492,-0.991479,0.163492,-0.960814,0.163492,All
-0.944665,0.164286,-0.980449,0.164286,-0.988639,0.164286,-0.958278,0.164286,All
-0.926982,0.165079,-0.980054,0.165079,-0.984425,0.165079,-0.957061,0.165079,All
-0.917098,0.165873,-0.972927,0.165873,-0.978923,0.165873,-0.956593,0.165873,All
-0.911479,0.166667,-0.970642,0.166667,-0.976626,0.166667,-0.951643,0.166667,All
-0.910347,0.16746,-0.963188,0.16746,-0.972487,0.16746,-0.949702,0.16746,All
-0.905334,0.168254,-0.9603,0.168254,-0.965603,0.168254,-0.94872,0.168254,All
-0.903926,0.169048,-0.946924,0.169048,-0.957096,0.169048,-0.946401,0.169048,All
-0.896691,0.169841,-0.938938,0.169841,-0.952445,0.169841,-0.941764,0.169841,All
-0.896652,0.170635,-0.938285,0.170635,-0.952128,0.170635,-0.935451,0.170635,All
-0.888302,0.171429,-0.937148,0.171429,-0.949909,0.171429,-0.93445,0.171429,All
-0.884772,0.172222,-0.936665,0.172222,-0.939611,0.172222,-0.932774,0.172222,All
-0.884084,0.173016,-0.933875,0.173016,-0.939231,0.173016,-0.928115,0.173016,All
-0.883273,0.17381,-0.932666,0.17381,-0.936453,0.17381,-0.924692,0.17381,All
-0.880368,0.174603,-0.93056,0.174603,-0.935416,0.174603,-0.916668,0.174603,All
-0.878528,0.175397,-0.92224,0.175397,-0.935128,0.175397,-0.914031,0.175397,All
-0.87219,0.17619,-0.921702,0.17619,-0.925435,0.17619,-0.904894,0.17619,All
-0.872023,0.176984,-0.904087,0.176984,-0.923957,0.176984,-0.902897,0.176984,All
-0.869722,0.177778,-0.902944,0.177778,-0.919414,0.177778,-0.897728,0.177778,All
-0.869486,0.178571,-0.898012,0.178571,-0.918638,0.178571,-0.894344,0.178571,All
-0.867632,0.179365,-0.894071,0.179365,-0.914541,0.179365,-0.883568,0.179365,All
-0.858992,0.180159,-0.894006,0.180159,-0.911189,0.180159,-0.883026,0.180159,All
-0.850087,0.180952,-0.892945,0.180952,-0.907741,0.180952,-0.880127,0.180952,All
-0.847123,0.181746,-0.892577,0.181746,-0.907544,0.181746,-0.879737,0.181746,All
-0.846348,0.18254,-0.889159,0.18254,-0.907544,0.18254,-0.878196,0.18254,All
-0.834325,0.183333,-0.88183,0.183333,-0.90311,0.183333,-0.877869,0.183333,All
-0.831427,0.184127,-0.879031,0.184127,-0.90143,0.184127,-0.866218,0.184127,All
-0.830341,0.184921,-0.875827,0.184921,-0.900453,0.184921,-0.858022,0.184921,All
-0.830222,0.185714,-0.873381,0.185714,-0.895811,0.185714,-0.843616,0.185714,All
-0.825061,0.186508,-0.873202,0.186508,-0.893817,0.186508,-0.837728,0.186508,All
-0.824601,0.187302,-0.872709,0.187302,-0.892506,0.187302,-0.836728,0.187302,All
-0.823835,0.188095,-0.871016,0.188095,-0.885915,0.188095,-0.834782,0.188095,All
-0.823593,0.188889,-0.869404,0.188889,-0.885589,0.188889,-0.831307,0.188889,All
-0.823585,0.189683,-0.867479,0.189683,-0.881829,0.189683,-0.822664,0.189683,All
-0.818251,0.190476,-0.864039,0.190476,-0.880327,0.190476,-0.821741,0.190476,All
-0.815411,0.19127,-0.859774,0.19127,-0.878751,0.19127,-0.821589,0.19127,All
-0.815281,0.192063,-0.858349,0.192063,-0.873704,0.192063,-0.820054,0.192063,All
-0.814319,0.192857,-0.853482,0.192857,-0.865103,0.192857,-0.815901,0.192857,All
-0.809356,0.193651,-0.851558,0.193651,-0.859042,0.193651,-0.8155,0.193651,All
-0.80918,0.194444,-0.848774,0.194444,-0.852774,0.194444,-0.814765,0.194444,All
-0.803968,0.195238,-0.846119,0.195238,-0.852039,0.195238,-0.813892,0.195238,All
-0.802932,0.196032,-0.841024,0.196032,-0.851547,0.196032,-0.813439,0.196032,All
-0.802151,0.196825,-0.840119,0.196825,-0.851106,0.196825,-0.812405,0.196825,All
-0.800064,0.197619,-0.838713,0.197619,-0.850529,0.197619,-0.810107,0.197619,All
-0.799681,0.198413,-0.838397,0.198413,-0.846853,0.198413,-0.809551,0.198413,All
-0.793205,0.199206,-0.838397,0.199206,-0.834885,0.199206,-0.80768,0.199206,All
-0.787522,0.2,-0.838397,0.2,-0.830234,0.2,-0.807376,0.2,All
-0.781836,0.200794,-0.837438,0.200794,-0.822326,0.200794,-0.805584,0.200794,All
-0.78123,0.201587,-0.836167,0.201587,-0.81184,0.201587,-0.804947,0.201587,All
-0.778989,0.202381,-0.83152,0.202381,-0.806118,0.202381,-0.802983,0.202381,All
-0.770141,0.203175,-0.830639,0.203175,-0.805211,0.203175,-0.802031,0.203175,All
-0.770073,0.203968,-0.829162,0.203968,-0.801866,0.203968,-0.798497,0.203968,All
-0.767631,0.204762,-0.829115,0.204762,-0.798798,0.204762,-0.795004,0.204762,All
-0.766936,0.205556,-0.825432,0.205556,-0.794662,0.205556,-0.79314,0.205556,All
-0.76485,0.206349,-0.824843,0.206349,-0.792111,0.206349,-0.791123,0.206349,All
-0.763786,0.207143,-0.822673,0.207143,-0.790804,0.207143,-0.79111,0.207143,All
-0.761022,0.207937,-0.817319,0.207937,-0.787562,0.207937,-0.785154,0.207937,All
-0.753096,0.20873,-0.813018,0.20873,-0.785688,0.20873,-0.783669,0.20873,All
-0.751831,0.209524,-0.806808,0.209524,-0.781694,0.209524,-0.780041,0.209524,All
-0.749948,0.210317,-0.798829,0.210317,-0.77641,0.210317,-0.779047,0.210317,All
-0.739872,0.211111,-0.796899,0.211111,-0.773195,0.211111,-0.776714,0.211111,All
-0.738729,0.211905,-0.793918,0.211905,-0.771218,0.211905,-0.774282,0.211905,All
-0.73648,0.212698,-0.791105,0.212698,-0.770526,0.212698,-0.773748,0.212698,All
-0.731487,0.213492,-0.788794,0.213492,-0.770119,0.213492,-0.772893,0.213492,All
-0.726846,0.214286,-0.788635,0.214286,-0.767445,0.214286,-0.770892,0.214286,All
-0.725854,0.215079,-0.785845,0.215079,-0.767218,0.215079,-0.768913,0.215079,All
-0.724716,0.215873,-0.78183,0.215873,-0.76457,0.215873,-0.763712,0.215873,All
-0.724425,0.216667,-0.778542,0.216667,-0.760006,0.216667,-0.759256,0.216667,All
-0.722641,0.21746,-0.768137,0.21746,-0.75888,0.21746,-0.758445,0.21746,All
-0.721087,0.218254,-0.768127,0.218254,-0.757175,0.218254,-0.75788,0.218254,All
-0.71709,0.219048,-0.766374,0.219048,-0.752372,0.219048,-0.757241,0.219048,All
-0.711881,0.219841,-0.760889,0.219841,-0.748543,0.219841,-0.751597,0.219841,All
-0.71056,0.220635,-0.760307,0.220635,-0.748235,0.220635,-0.74972,0.220635,All
-0.709584,0.221429,-0.758881,0.221429,-0.748184,0.221429,-0.749126,0.221429,All
-0.70644,0.222222,-0.756986,0.222222,-0.747791,0.222222,-0.744468,0.222222,All
-0.705744,0.223016,-0.756368,0.223016,-0.747243,0.223016,-0.741393,0.223016,All
-0.705428,0.22381,-0.752889,0.22381,-0.746451,0.22381,-0.736108,0.22381,All
-0.705058,0.224603,-0.749902,0.224603,-0.746106,0.224603,-0.733364,0.224603,All
-0.704559,0.225397,-0.743466,0.225397,-0.745703,0.225397,-0.731542,0.225397,All
-0.702049,0.22619,-0.739967,0.22619,-0.741544,0.22619,-0.728464,0.22619,All
-0.695542,0.226984,-0.73794,0.226984,-0.740628,0.226984,-0.726198,0.226984,All
-0.694606,0.227778,-0.734878,0.227778,-0.740628,0.227778,-0.725393,0.227778,All
-0.694006,0.228571,-0.733502,0.228571,-0.737039,0.228571,-0.719886,0.228571,All
-0.693689,0.229365,-0.732208,0.229365,-0.735941,0.229365,-0.712466,0.229365,All
-0.689645,0.230159,-0.730597,0.230159,-0.734078,0.230159,-0.710499,0.230159,All
-0.686962,0.230952,-0.727743,0.230952,-0.730665,0.230952,-0.710069,0.230952,All
-0.686962,0.231746,-0.724288,0.231746,-0.730351,0.231746,-0.708342,0.231746,All
-0.686616,0.23254,-0.721694,0.23254,-0.727152,0.23254,-0.70649,0.23254,All
-0.685446,0.233333,-0.720314,0.233333,-0.72711,0.233333,-0.70296,0.233333,All
-0.684996,0.234127,-0.719173,0.234127,-0.725551,0.234127,-0.701565,0.234127,All
-0.678885,0.234921,-0.71742,0.234921,-0.722437,0.234921,-0.701303,0.234921,All
-0.675947,0.235714,-0.716269,0.235714,-0.719255,0.235714,-0.698883,0.235714,All
-0.672814,0.236508,-0.716042,0.236508,-0.710821,0.236508,-0.698789,0.236508,All
-0.663374,0.237302,-0.711745,0.237302,-0.708635,0.237302,-0.697705,0.237302,All
-0.661688,0.238095,-0.710789,0.238095,-0.707942,0.238095,-0.697598,0.238095,All
-0.657678,0.238889,-0.707576,0.238889,-0.704705,0.238889,-0.695851,0.238889,All
-0.651449,0.239683,-0.705694,0.239683,-0.704612,0.239683,-0.68886,0.239683,All
-0.64909,0.240476,-0.704756,0.240476,-0.697045,0.240476,-0.68783,0.240476,All
-0.648026,0.24127,-0.702051,0.24127,-0.691458,0.24127,-0.68413,0.24127,All
-0.646891,0.242063,-0.69448,0.242063,-0.688103,0.242063,-0.683985,0.242063,All
-0.645896,0.242857,-0.692406,0.242857,-0.687121,0.242857,-0.68387,0.242857,All
-0.64544,0.243651,-0.688196,0.243651,-0.672941,0.243651,-0.681537,0.243651,All
-0.645424,0.244444,-0.687014,0.244444,-0.670828,0.244444,-0.67721,0.244444,All
-0.64185,0.245238,-0.685782,0.245238,-0.641878,0.245238,-0.674241,0.245238,All
-0.641056,0.246032,-0.681643,0.246032,-0.634682,0.246032,-0.66059,0.246032,All
-0.640754,0.246825,-0.679478,0.246825,-0.627596,0.246825,-0.65883,0.246825,All
-0.639727,0.247619,-0.678541,0.247619,-0.62347,0.247619,-0.656236,0.247619,All
-0.633143,0.248413,-0.672047,0.248413,-0.623366,0.248413,-0.653124,0.248413,All
-0.632379,0.249206,-0.668919,0.249206,-0.62336,0.249206,-0.65088,0.249206,All
-0.625742,0.25,-0.668055,0.25,-0.622449,0.25,-0.650392,0.25,All
-0.621016,0.250794,-0.66738,0.250794,-0.621045,0.250794,-0.650188,0.250794,All
-0.620578,0.251587,-0.666185,0.251587,-0.620665,0.251587,-0.650185,0.251587,All
-0.617506,0.252381,-0.666024,0.252381,-0.620003,0.252381,-0.648858,0.252381,All
-0.616579,0.253175,-0.66226,0.253175,-0.617447,0.253175,-0.648203,0.253175,All
-0.616242,0.253968,-0.65998,0.253968,-0.616934,0.253968,-0.646566,0.253968,All
-0.61598,0.254762,-0.658601,0.254762,-0.612224,0.254762,-0.644678,0.254762,All
-0.613587,0.255556,-0.658354,0.255556,-0.607889,0.255556,-0.639029,0.255556,All
-0.609837,0.256349,-0.655285,0.256349,-0.606797,0.256349,-0.637744,0.256349,All
-0.605764,0.257143,-0.647483,0.257143,-0.601632,0.257143,-0.635644,0.257143,All
-0.603576,0.257937,-0.646865,0.257937,-0.601577,0.257937,-0.632431,0.257937,All
-0.601302,0.25873,-0.644453,0.25873,-0.600336,0.25873,-0.631839,0.25873,All
-0.601227,0.259524,-0.643103,0.259524,-0.598985,0.259524,-0.631658,0.259524,All
-0.599044,0.260317,-0.63457,0.260317,-0.597318,0.260317,-0.631291,0.260317,All
-0.598628,0.261111,-0.633822,0.261111,-0.593136,0.261111,-0.628687,0.261111,All
-0.593619,0.261905,-0.630935,0.261905,-0.593031,0.261905,-0.622578,0.261905,All
-0.592344,0.262698,-0.629021,0.262698,-0.589263,0.262698,-0.62155,0.262698,All
-0.591726,0.263492,-0.624934,0.263492,-0.587661,0.263492,-0.620461,0.263492,All
-0.590273,0.264286,-0.621511,0.264286,-0.584916,0.264286,-0.614375,0.264286,All
-0.589643,0.265079,-0.621511,0.265079,-0.583404,0.265079,-0.613163,0.265079,All
-0.589005,0.265873,-0.606054,0.265873,-0.57717,0.265873,-0.607574,0.265873,All
-0.585266,0.266667,-0.604313,0.266667,-0.576651,0.266667,-0.607243,0.266667,All
-0.583617,0.26746,-0.603518,0.26746,-0.575414,0.26746,-0.604346,0.26746,All
-0.571562,0.268254,-0.603425,0.268254,-0.574105,0.268254,-0.595007,0.268254,All
-0.566242,0.269048,-0.602676,0.269048,-0.574105,0.269048,-0.592296,0.269048,All
-0.565028,0.269841,-0.600189,0.269841,-0.571796,0.269841,-0.592122,0.269841,All
-0.563946,0.270635,-0.599935,0.270635,-0.571139,0.270635,-0.589985,0.270635,All
-0.563557,0.271429,-0.59394,0.271429,-0.569429,0.271429,-0.589927,0.271429,All
-0.559042,0.272222,-0.59283,0.272222,-0.568298,0.272222,-0.58913,0.272222,All
-0.555985,0.273016,-0.591816,0.273016,-0.567186,0.273016,-0.588608,0.273016,All
-0.555966,0.27381,-0.591447,0.27381,-0.566678,0.27381,-0.584779,0.27381,All
-0.5552,0.274603,-0.591387,0.274603,-0.565301,0.274603,-0.581982,0.274603,All
-0.554546,0.275397,-0.589514,0.275397,-0.563624,0.275397,-0.581982,0.275397,All
-0.554438,0.27619,-0.587081,0.27619,-0.557379,0.27619,-0.579327,0.27619,All
-0.553988,0.276984,-0.584312,0.276984,-0.556055,0.276984,-0.577121,0.276984,All
-0.546694,0.277778,-0.583788,0.277778,-0.554604,0.277778,-0.576667,0.277778,All
-0.546541,0.278571,-0.583585,0.278571,-0.553785,0.278571,-0.576247,0.278571,All
-0.544446,0.279365,-0.580428,0.279365,-0.551138,0.279365,-0.574061,0.279365,All
-0.543682,0.280159,-0.579625,0.280159,-0.546459,0.280159,-0.571853,0.280159,All
-0.541366,0.280952,-0.576441,0.280952,-0.545585,0.280952,-0.568326,0.280952,All
-0.537259,0.281746,-0.576303,0.281746,-0.545084,0.281746,-0.567591,0.281746,All
-0.526378,0.28254,-0.576116,0.28254,-0.542989,0.28254,-0.56308,0.28254,All
-0.525032,0.283333,-0.570264,0.283333,-0.540522,0.283333,-0.561314,0.283333,All
-0.523727,0.284127,-0.568964,0.284127,-0.539658,0.284127,-0.559911,0.284127,All
-0.518916,0.284921,-0.567372,0.284921,-0.53756,0.284921,-0.559183,0.284921,All
-0.51665,0.285714,-0.558599,0.285714,-0.535703,0.285714,-0.551231,0.285714,All
-0.516226,0.286508,-0.55713,0.286508,-0.532086,0.286508,-0.546427,0.286508,All
-0.515087,0.287302,-0.552299,0.287302,-0.525989,0.287302,-0.545087,0.287302,All
-0.512225,0.288095,-0.550805,0.288095,-0.523561,0.288095,-0.544709,0.288095,All
-0.510282,0.288889,-0.548886,0.288889,-0.522209,0.288889,-0.538987,0.288889,All
-0.504174,0.289683,-0.54709,0.289683,-0.521366,0.289683,-0.530948,0.289683,All
-0.503802,0.290476,-0.546525,0.290476,-0.520194,0.290476,-0.527434,0.290476,All
-0.499753,0.29127,-0.546028,0.29127,-0.519778,0.29127,-0.524373,0.29127,All
-0.499753,0.292063,-0.545452,0.292063,-0.518467,0.292063,-0.522862,0.292063,All
-0.49811,0.292857,-0.544212,0.292857,-0.515181,0.292857,-0.520031,0.292857,All
-0.497348,0.293651,-0.543556,0.293651,-0.513023,0.293651,-0.519382,0.293651,All
-0.496956,0.294444,-0.542319,0.294444,-0.511068,0.294444,-0.518077,0.294444,All
-0.492703,0.295238,-0.542045,0.295238,-0.510848,0.295238,-0.515653,0.295238,All
-0.488966,0.296032,-0.541691,0.296032,-0.510588,0.296032,-0.515202,0.296032,All
-0.487995,0.296825,-0.524391,0.296825,-0.509779,0.296825,-0.5143,0.296825,All
-0.487189,0.297619,-0.520931,0.297619,-0.509413,0.297619,-0.513846,0.297619,All
-0.485211,0.298413,-0.520403,0.298413,-0.505087,0.298413,-0.513077,0.298413,All
-0.48412,0.299206,-0.520343,0.299206,-0.50292,0.299206,-0.512612,0.299206,All
-0.483951,0.3,-0.51948,0.3,-0.49364,0.3,-0.509251,0.3,All
-0.483676,0.300794,-0.517642,0.300794,-0.488569,0.300794,-0.502148,0.300794,All
-0.482605,0.301587,-0.516719,0.301587,-0.487693,0.301587,-0.50164,0.301587,All
-0.481805,0.302381,-0.512583,0.302381,-0.487078,0.302381,-0.499513,0.302381,All
-0.480194,0.303175,-0.50325,0.303175,-0.477671,0.303175,-0.498904,0.303175,All
-0.478736,0.303968,-0.499202,0.303968,-0.475053,0.303968,-0.497992,0.303968,All
-0.478721,0.304762,-0.498246,0.304762,-0.472538,0.304762,-0.49679,0.304762,All
-0.472141,0.305556,-0.490949,0.305556,-0.471558,0.305556,-0.49644,0.305556,All
-0.466399,0.306349,-0.489674,0.306349,-0.465199,0.306349,-0.494576,0.306349,All
-0.456336,0.307143,-0.486935,0.307143,-0.463881,0.307143,-0.494207,0.307143,All
-0.45594,0.307937,-0.486695,0.307937,-0.460041,0.307937,-0.493497,0.307937,All
-0.454395,0.30873,-0.486236,0.30873,-0.451462,0.30873,-0.49196,0.30873,All
-0.449506,0.309524,-0.482563,0.309524,-0.450529,0.309524,-0.488815,0.309524,All
-0.448432,0.310317,-0.479468,0.310317,-0.446855,0.310317,-0.488559,0.310317,All
-0.446134,0.311111,-0.475466,0.311111,-0.445466,0.311111,-0.484613,0.311111,All
-0.44498,0.311905,-0.472725,0.311905,-0.443782,0.311905,-0.484533,0.311905,All
-0.441302,0.312698,-0.459949,0.312698,-0.44227,0.312698,-0.483172,0.312698,All
-0.437544,0.313492,-0.459849,0.313492,-0.441567,0.313492,-0.481675,0.313492,All
-0.434867,0.314286,-0.459352,0.314286,-0.440205,0.314286,-0.480668,0.314286,All
-0.434641,0.315079,-0.459152,0.315079,-0.439958,0.315079,-0.478363,0.315079,All
-0.429489,0.315873,-0.458935,0.315873,-0.437255,0.315873,-0.477331,0.315873,All
-0.428638,0.316667,-0.458806,0.316667,-0.435574,0.316667,-0.476882,0.316667,All
-0.428078,0.31746,-0.454921,0.31746,-0.434074,0.31746,-0.473293,0.31746,All
-0.426115,0.318254,-0.454244,0.318254,-0.432526,0.318254,-0.471721,0.318254,All
-0.425873,0.319048,-0.452751,0.319048,-0.431093,0.319048,-0.468669,0.319048,All
-0.424525,0.319841,-0.451341,0.319841,-0.430525,0.319841,-0.467495,0.319841,All
-0.418847,0.320635,-0.451124,0.320635,-0.429416,0.320635,-0.465208,0.320635,All
-0.416806,0.321429,-0.449658,0.321429,-0.427739,0.321429,-0.464953,0.321429,All
-0.416779,0.322222,-0.445957,0.322222,-0.427729,0.322222,-0.461985,0.322222,All
-0.413017,0.323016,-0.445353,0.323016,-0.425748,0.323016,-0.459774,0.323016,All
-0.41237,0.32381,-0.445261,0.32381,-0.424505,0.32381,-0.457096,0.32381,All
-0.408844,0.324603,-0.441709,0.324603,-0.421687,0.324603,-0.45642,0.324603,All
-0.404474,0.325397,-0.434619,0.325397,-0.421638,0.325397,-0.454114,0.325397,All
-0.401536,0.32619,-0.434321,0.32619,-0.420515,0.32619,-0.449289,0.32619,All
-0.397907,0.326984,-0.432982,0.326984,-0.412796,0.326984,-0.446667,0.326984,All
-0.397339,0.327778,-0.431017,0.327778,-0.406731,0.327778,-0.446265,0.327778,All
-0.39629,0.328571,-0.425907,0.328571,-0.400063,0.328571,-0.443465,0.328571,All
-0.394926,0.329365,-0.424443,0.329365,-0.399305,0.329365,-0.441268,0.329365,All
-0.391838,0.330159,-0.422873,0.330159,-0.397995,0.330159,-0.441215,0.330159,All
-0.384437,0.330952,-0.417903,0.330952,-0.394419,0.330952,-0.441215,0.330952,All
-0.378877,0.331746,-0.415913,0.331746,-0.392894,0.331746,-0.440488,0.331746,All
-0.375566,0.33254,-0.40991,0.33254,-0.392779,0.33254,-0.437087,0.33254,All
-0.374903,0.333333,-0.40815,0.333333,-0.384309,0.333333,-0.429785,0.333333,All
-0.374858,0.334127,-0.40641,0.334127,-0.382247,0.334127,-0.423256,0.334127,All
-0.373676,0.334921,-0.405433,0.334921,-0.379186,0.334921,-0.422211,0.334921,All
-0.373172,0.335714,-0.403929,0.335714,-0.376965,0.335714,-0.41681,0.335714,All
-0.372772,0.336508,-0.403569,0.336508,-0.376931,0.336508,-0.415451,0.336508,All
-0.37242,0.337302,-0.398034,0.337302,-0.373996,0.337302,-0.414084,0.337302,All
-0.368402,0.338095,-0.397723,0.338095,-0.371954,0.338095,-0.41243,0.338095,All
-0.366141,0.338889,-0.39395,0.338889,-0.37006,0.338889,-0.409319,0.338889,All
-0.365584,0.339683,-0.393586,0.339683,-0.366646,0.339683,-0.407867,0.339683,All
-0.3647,0.340476,-0.389935,0.340476,-0.366638,0.340476,-0.407201,0.340476,All
-0.363694,0.34127,-0.389441,0.34127,-0.362208,0.34127,-0.406542,0.34127,All
-0.363694,0.342063,-0.386187,0.342063,-0.361281,0.342063,-0.404312,0.342063,All
-0.357279,0.342857,-0.383017,0.342857,-0.358074,0.342857,-0.403449,0.342857,All
-0.356707,0.343651,-0.377766,0.343651,-0.353213,0.343651,-0.39647,0.343651,All
-0.352126,0.344444,-0.374558,0.344444,-0.351137,0.344444,-0.39544,0.344444,All
-0.351617,0.345238,-0.373836,0.345238,-0.350284,0.345238,-0.393997,0.345238,All
-0.350918,0.346032,-0.37314,0.346032,-0.349309,0.346032,-0.393708,0.346032,All
-0.34761,0.346825,-0.3729,0.346825,-0.348983,0.346825,-0.391186,0.346825,All
-0.341031,0.347619,-0.368352,0.347619,-0.347077,0.347619,-0.389621,0.347619,All
-0.33498,0.348413,-0.366938,0.348413,-0.345679,0.348413,-0.388893,0.348413,All
-0.32997,0.349206,-0.366765,0.349206,-0.345589,0.349206,-0.388761,0.349206,All
-0.326083,0.35,-0.365431,0.35,-0.344268,0.35,-0.38775,0.35,All
-0.325753,0.350794,-0.36485,0.350794,-0.342863,0.350794,-0.386293,0.350794,All
-0.323123,0.351587,-0.364488,0.351587,-0.34167,0.351587,-0.377023,0.351587,All
-0.32172,0.352381,-0.363903,0.352381,-0.340337,0.352381,-0.374346,0.352381,All
-0.320303,0.353175,-0.359479,0.353175,-0.340337,0.353175,-0.374214,0.353175,All
-0.317964,0.353968,-0.356426,0.353968,-0.336382,0.353968,-0.373813,0.353968,All
-0.316746,0.354762,-0.356255,0.354762,-0.336315,0.354762,-0.373353,0.354762,All
-0.314491,0.355556,-0.352788,0.355556,-0.333196,0.355556,-0.372205,0.355556,All
-0.30979,0.356349,-0.352298,0.356349,-0.332275,0.356349,-0.370417,0.356349,All
-0.284129,0.357143,-0.350778,0.357143,-0.328993,0.357143,-0.365774,0.357143,All
-0.277574,0.357937,-0.349801,0.357937,-0.328971,0.357937,-0.359796,0.357937,All
-0.276313,0.35873,-0.349553,0.35873,-0.322903,0.35873,-0.358933,0.35873,All
-0.274379,0.359524,-0.347871,0.359524,-0.322697,0.359524,-0.3578,0.359524,All
-0.274087,0.360317,-0.347193,0.360317,-0.321695,0.360317,-0.35522,0.360317,All
-0.272119,0.361111,-0.346361,0.361111,-0.320899,0.361111,-0.351892,0.361111,All
-0.270444,0.361905,-0.343218,0.361905,-0.320736,0.361905,-0.351734,0.361905,All
-0.269161,0.362698,-0.342797,0.362698,-0.320577,0.362698,-0.346999,0.362698,All
-0.264465,0.363492,-0.342091,0.363492,-0.316325,0.363492,-0.339048,0.363492,All
-0.264465,0.364286,-0.342061,0.364286,-0.316242,0.364286,-0.337649,0.364286,All
-0.261529,0.365079,-0.341352,0.365079,-0.312272,0.365079,-0.335979,0.365079,All
-0.260345,0.365873,-0.341027,0.365873,-0.31116,0.365873,-0.334554,0.365873,All
-0.259059,0.366667,-0.340689,0.366667,-0.310348,0.366667,-0.330819,0.366667,All
-0.253875,0.36746,-0.340333,0.36746,-0.309576,0.36746,-0.32802,0.36746,All
-0.253795,0.368254,-0.334535,0.368254,-0.307814,0.368254,-0.32665,0.368254,All
-0.253436,0.369048,-0.330624,0.369048,-0.306538,0.369048,-0.322409,0.369048,All
-0.251358,0.369841,-0.330261,0.369841,-0.305501,0.369841,-0.320541,0.369841,All
-0.250338,0.370635,-0.329503,0.370635,-0.305448,0.370635,-0.314041,0.370635,All
-0.246663,0.371429,-0.328363,0.371429,-0.304815,0.371429,-0.311297,0.371429,All
-0.24537,0.372222,-0.326722,0.372222,-0.298318,0.372222,-0.309216,0.372222,All
-0.244944,0.373016,-0.315766,0.373016,-0.298049,0.373016,-0.304617,0.373016,All
-0.24046,0.37381,-0.313552,0.37381,-0.296793,0.37381,-0.304474,0.37381,All
-0.239849,0.374603,-0.312296,0.374603,-0.293484,0.374603,-0.30304,0.374603,All
-0.237901,0.375397,-0.310444,0.375397,-0.285936,0.375397,-0.302221,0.375397,All
-0.231977,0.37619,-0.309466,0.37619,-0.285616,0.37619,-0.301412,0.37619,All
-0.229141,0.376984,-0.309288,0.376984,-0.284302,0.376984,-0.301078,0.376984,All
-0.227244,0.377778,-0.309114,0.377778,-0.278239,0.377778,-0.29897,0.377778,All
-0.225485,0.378571,-0.308516,0.378571,-0.276315,0.378571,-0.297387,0.378571,All
-0.221387,0.379365,-0.305947,0.379365,-0.276151,0.379365,-0.294621,0.379365,All
-0.214938,0.380159,-0.305604,0.380159,-0.275209,0.380159,-0.290721,0.380159,All
-0.21221,0.380952,-0.298763,0.380952,-0.271059,0.380952,-0.286833,0.380952,All
-0.211737,0.381746,-0.296303,0.381746,-0.269908,0.381746,-0.286644,0.381746,All
-0.211594,0.38254,-0.293709,0.38254,-0.26872,0.38254,-0.283506,0.38254,All
-0.210423,0.383333,-0.292969,0.383333,-0.26705,0.383333,-0.279451,0.383333,All
-0.209555,0.384127,-0.292092,0.384127,-0.266977,0.384127,-0.277789,0.384127,All
-0.208651,0.384921,-0.291947,0.384921,-0.26442,0.384921,-0.276943,0.384921,All
-0.207256,0.385714,-0.290837,0.385714,-0.2634,0.385714,-0.271818,0.385714,All
-0.205858,0.386508,-0.29012,0.386508,-0.26276,0.386508,-0.271156,0.386508,All
-0.202189,0.387302,-0.288587,0.387302,-0.259694,0.387302,-0.267617,0.387302,All
-0.197257,0.388095,-0.288234,0.388095,-0.258585,0.388095,-0.265932,0.388095,All
-0.197257,0.388889,-0.28723,0.388889,-0.257872,0.388889,-0.263866,0.388889,All
-0.196929,0.389683,-0.284713,0.389683,-0.253732,0.389683,-0.261051,0.389683,All
-0.188132,0.390476,-0.282263,0.390476,-0.244944,0.390476,-0.258304,0.390476,All
-0.186192,0.39127,-0.280892,0.39127,-0.240631,0.39127,-0.257455,0.39127,All
-0.184328,0.392063,-0.28084,0.392063,-0.240631,0.392063,-0.256883,0.392063,All
-0.183358,0.392857,-0.280745,0.392857,-0.240378,0.392857,-0.254335,0.392857,All
-0.180453,0.393651,-0.280443,0.393651,-0.236791,0.393651,-0.254154,0.393651,All
-0.179768,0.394444,-0.279627,0.394444,-0.23619,0.394444,-0.253364,0.394444,All
-0.179007,0.395238,-0.279523,0.395238,-0.236148,0.395238,-0.250388,0.395238,All
-0.17655,0.396032,-0.277809,0.396032,-0.234797,0.396032,-0.243661,0.396032,All
-0.175,0.396825,-0.276921,0.396825,-0.234493,0.396825,-0.234017,0.396825,All
-0.173787,0.397619,-0.274996,0.397619,-0.233985,0.397619,-0.229558,0.397619,All
-0.170069,0.398413,-0.273406,0.398413,-0.231687,0.398413,-0.226319,0.398413,All
-0.169388,0.399206,-0.272394,0.399206,-0.227746,0.399206,-0.220573,0.399206,All
-0.168012,0.4,-0.272326,0.4,-0.227338,0.4,-0.220573,0.4,All
-0.167753,0.400794,-0.27054,0.400794,-0.227075,0.400794,-0.218682,0.400794,All
-0.165319,0.401587,-0.269787,0.401587,-0.223792,0.401587,-0.217587,0.401587,All
-0.159082,0.402381,-0.268971,0.402381,-0.216012,0.402381,-0.21706,0.402381,All
-0.155413,0.403175,-0.266424,0.403175,-0.214131,0.403175,-0.216308,0.403175,All
-0.14957,0.403968,-0.26562,0.403968,-0.213935,0.403968,-0.214828,0.403968,All
-0.146503,0.404762,-0.264983,0.404762,-0.207337,0.404762,-0.214168,0.404762,All
-0.14373,0.405556,-0.259513,0.405556,-0.201842,0.405556,-0.210676,0.405556,All
-0.14373,0.406349,-0.254835,0.406349,-0.20161,0.406349,-0.206724,0.406349,All
-0.138063,0.407143,-0.250736,0.407143,-0.201392,0.407143,-0.205262,0.407143,All
-0.1337,0.407937,-0.24907,0.407937,-0.20052,0.407937,-0.201086,0.407937,All
-0.132504,0.40873,-0.248221,0.40873,-0.199887,0.40873,-0.200956,0.40873,All
-0.128296,0.409524,-0.245693,0.409524,-0.195315,0.409524,-0.196179,0.409524,All
-0.126039,0.410317,-0.24413,0.410317,-0.18876,0.410317,-0.196159,0.410317,All
-0.124589,0.411111,-0.241869,0.411111,-0.184436,0.411111,-0.192763,0.411111,All
-0.123709,0.411905,-0.241502,0.411905,-0.180263,0.411905,-0.189145,0.411905,All
-0.122243,0.412698,-0.238255,0.412698,-0.178248,0.412698,-0.18575,0.412698,All
-0.120422,0.413492,-0.234958,0.413492,-0.178237,0.413492,-0.184969,0.413492,All
-0.119929,0.414286,-0.233913,0.414286,-0.170821,0.414286,-0.182566,0.414286,All
-0.119155,0.415079,-0.230361,0.415079,-0.170122,0.415079,-0.179665,0.415079,All
-0.118795,0.415873,-0.230329,0.415873,-0.166844,0.415873,-0.176756,0.415873,All
-0.117626,0.416667,-0.230171,0.416667,-0.163847,0.416667,-0.173167,0.416667,All
-0.116541,0.41746,-0.229187,0.41746,-0.155953,0.41746,-0.169262,0.41746,All
-0.113275,0.418254,-0.226072,0.418254,-0.153954,0.418254,-0.16886,0.418254,All
-0.112838,0.419048,-0.224095,0.419048,-0.151871,0.419048,-0.16697,0.419048,All
-0.112339,0.419841,-0.223978,0.419841,-0.14927,0.419841,-0.162275,0.419841,All
-0.11092,0.420635,-0.223038,0.420635,-0.148908,0.420635,-0.162219,0.420635,All
-0.110267,0.421429,-0.220498,0.421429,-0.14864,0.421429,-0.15885,0.421429,All
-0.10811,0.422222,-0.218195,0.422222,-0.147581,0.422222,-0.157951,0.422222,All
-0.105091,0.423016,-0.216613,0.423016,-0.146081,0.423016,-0.155853,0.423016,All
-0.104174,0.42381,-0.212435,0.42381,-0.1442,0.42381,-0.154897,0.42381,All
-0.103538,0.424603,-0.209716,0.424603,-0.136977,0.424603,-0.154738,0.424603,All
-0.103273,0.425397,-0.206898,0.425397,-0.136861,0.425397,-0.152822,0.425397,All
-0.102814,0.42619,-0.206027,0.42619,-0.136599,0.42619,-0.149029,0.42619,All
-0.102756,0.426984,-0.203922,0.426984,-0.132763,0.426984,-0.14892,0.426984,All
-0.102576,0.427778,-0.202207,0.427778,-0.130576,0.427778,-0.143554,0.427778,All
-0.101972,0.428571,-0.20198,0.428571,-0.129032,0.428571,-0.140612,0.428571,All
-0.101673,0.429365,-0.200327,0.429365,-0.128869,0.429365,-0.139999,0.429365,All
-0.100736,0.430159,-0.19864,0.430159,-0.125051,0.430159,-0.13735,0.430159,All
-0.0980144,0.430952,-0.195643,0.430952,-0.124677,0.430952,-0.135894,0.430952,All
-0.0974385,0.431746,-0.193182,0.431746,-0.122358,0.431746,-0.135257,0.431746,All
-0.0961267,0.43254,-0.19002,0.43254,-0.122322,0.43254,-0.134663,0.43254,All
-0.0952794,0.433333,-0.184762,0.433333,-0.118415,0.433333,-0.133405,0.433333,All
-0.0928427,0.434127,-0.183416,0.434127,-0.118377,0.434127,-0.133094,0.434127,All
-0.0927441,0.434921,-0.182774,0.434921,-0.116032,0.434921,-0.131293,0.434921,All
-0.0911536,0.435714,-0.180745,0.435714,-0.114367,0.435714,-0.127646,0.435714,All
-0.0873088,0.436508,-0.18046,0.436508,-0.113642,0.436508,-0.124991,0.436508,All
-0.086098,0.437302,-0.179472,0.437302,-0.112626,0.437302,-0.121632,0.437302,All
-0.085883,0.438095,-0.173256,0.438095,-0.111425,0.438095,-0.119733,0.438095,All
-0.0841717,0.438889,-0.17296,0.438889,-0.111231,0.438889,-0.116579,0.438889,All
-0.0838839,0.439683,-0.171862,0.439683,-0.105004,0.439683,-0.115856,0.439683,All
-0.0810851,0.440476,-0.171123,0.440476,-0.104814,0.440476,-0.115119,0.440476,All
-0.0779708,0.44127,-0.170327,0.44127,-0.104316,0.44127,-0.112966,0.44127,All
-0.0739418,0.442063,-0.169853,0.442063,-0.103226,0.442063,-0.098845,0.442063,All
-0.0720639,0.442857,-0.165078,0.442857,-0.102185,0.442857,-0.0978327,0.442857,All
-0.0703239,0.443651,-0.158636,0.443651,-0.100345,0.443651,-0.0969821,0.443651,All
-0.0650532,0.444444,-0.157185,0.444444,-0.0985746,0.444444,-0.0948181,0.444444,All
-0.0647088,0.445238,-0.153274,0.445238,-0.0940365,0.445238,-0.0917431,0.445238,All
-0.0625869,0.446032,-0.153053,0.446032,-0.0908838,0.446032,-0.0891924,0.446032,All
-0.0612956,0.446825,-0.149361,0.446825,-0.0871771,0.446825,-0.0875055,0.446825,All
-0.0610683,0.447619,-0.147608,0.447619,-0.087014,0.447619,-0.082751,0.447619,All
-0.0607189,0.448413,-0.147286,0.448413,-0.087014,0.448413,-0.0805496,0.448413,All
-0.060666,0.449206,-0.147153,0.449206,-0.0840236,0.449206,-0.0758502,0.449206,All
-0.0598914,0.45,-0.146589,0.45,-0.0836239,0.45,-0.0732956,0.45,All
-0.0526052,0.450794,-0.145456,0.450794,-0.0815544,0.450794,-0.0713107,0.450794,All
-0.0494118,0.451587,-0.143195,0.451587,-0.0806922,0.451587,-0.0697247,0.451587,All
-0.0492431,0.452381,-0.14071,0.452381,-0.0763559,0.452381,-0.0687057,0.452381,All
-0.0489478,0.453175,-0.138273,0.453175,-0.0754909,0.453175,-0.0646844,0.453175,All
-0.0476843,0.453968,-0.13476,0.453968,-0.0746992,0.453968,-0.0614012,0.453968,All
-0.045447,0.454762,-0.134469,0.454762,-0.0737024,0.454762,-0.057139,0.454762,All
-0.0410463,0.455556,-0.130552,0.455556,-0.0718126,0.455556,-0.0534104,0.455556,All
-0.037745,0.456349,-0.129539,0.456349,-0.0691158,0.456349,-0.0516041,0.456349,All
-0.0372279,0.457143,-0.129114,0.457143,-0.0686945,0.457143,-0.0504034,0.457143,All
-0.0367545,0.457937,-0.128678,0.457937,-0.0678354,0.457937,-0.0503395,0.457937,All
-0.0339278,0.45873,-0.126515,0.45873,-0.0670298,0.45873,-0.0503082,0.45873,All
-0.0320932,0.459524,-0.124364,0.459524,-0.0643412,0.459524,-0.0493949,0.459524,All
-0.0309404,0.460317,-0.121855,0.460317,-0.0632009,0.460317,-0.0471065,0.460317,All
-0.0309134,0.461111,-0.12093,0.461111,-0.0602892,0.461111,-0.045063,0.461111,All
-0.0305834,0.461905,-0.119898,0.461905,-0.0589236,0.461905,-0.038531,0.461905,All
-0.0304044,0.462698,-0.119152,0.462698,-0.0535845,0.462698,-0.0340967,0.462698,All
-0.027838,0.463492,-0.119033,0.463492,-0.0485506,0.463492,-0.032128,0.463492,All
-0.0275579,0.464286,-0.118807,0.464286,-0.0484441,0.464286,-0.0303918,0.464286,All
-0.0243685,0.465079,-0.116755,0.465079,-0.0437932,0.465079,-0.0273114,0.465079,All
-0.0237714,0.465873,-0.115435,0.465873,-0.043415,0.465873,-0.023342,0.465873,All
-0.0198497,0.466667,-0.115048,0.466667,-0.0433275,0.466667,-0.0203768,0.466667,All
-0.0185171,0.46746,-0.114635,0.46746,-0.0432239,0.46746,-0.0200652,0.46746,All
-0.0184864,0.468254,-0.114176,0.468254,-0.0430161,0.468254,-0.0190677,0.468254,All
-0.0158307,0.469048,-0.109985,0.469048,-0.0428548,0.469048,-0.0138567,0.469048,All
-0.0144016,0.469841,-0.108899,0.469841,-0.0398603,0.469841,-0.0132205,0.469841,All
-0.0109212,0.470635,-0.104903,0.470635,-0.0380306,0.470635,-0.0116268,0.470635,All
-0.0104525,0.471429,-0.10087,0.471429,-0.0374241,0.471429,-0.0100803,0.471429,All
-0.00979234,0.472222,-0.100384,0.472222,-0.0354185,0.472222,-0.00830455,0.472222,All
-0.00938995,0.473016,-0.0972544,0.473016,-0.0350449,0.473016,-0.00706883,0.473016,All
-0.00608793,0.47381,-0.0927032,0.47381,-0.0328198,0.47381,-0.0039505,0.47381,All
-0.0022145,0.474603,-0.0887839,0.474603,-0.0323609,0.474603,0.000444959,0.474603,All
0.00234879,0.475397,-0.0871014,0.475397,-0.0308754,0.475397,0.00077947,0.475397,All
0.00411157,0.47619,-0.0857718,0.47619,-0.0305944,0.47619,0.00129829,0.47619,All
0.00540294,0.476984,-0.0822596,0.476984,-0.0305071,0.476984,0.0050634,0.476984,All
0.00575108,0.477778,-0.0806556,0.477778,-0.0272834,0.477778,0.0085915,0.477778,All
0.00803611,0.478571,-0.0804446,0.478571,-0.0258379,0.478571,0.0111245,0.478571,All
0.0104144,0.479365,-0.0792028,0.479365,-0.0239237,0.479365,0.0116732,0.479365,All
0.0104531,0.480159,-0.0756541,0.480159,-0.0148172,0.480159,0.0117756,0.480159,All
0.0129163,0.480952,-0.0746915,0.480952,-0.0101677,0.480952,0.0126218,0.480952,All
0.0132661,0.481746,-0.0742996,0.481746,-0.00708464,0.481746,0.0141959,0.481746,All
0.01453,0.48254,-0.0742996,0.48254,0.00269252,0.48254,0.0143967,0.48254,All
0.0170629,0.483333,-0.0715313,0.483333,0.00500115,0.483333,0.0184997,0.483333,All
0.0186368,0.484127,-0.070244,0.484127,0.00629602,0.484127,0.0200625,0.484127,All
0.0189611,0.484921,-0.0700947,0.484921,0.00736566,0.484921,0.022012,0.484921,All
0.019401,0.485714,-0.0691379,0.485714,0.00803375,0.485714,0.0230281,0.485714,All
0.0235052,0.486508,-0.0687247,0.486508,0.00835525,0.486508,0.02375,0.486508,All
0.0249747,0.487302,-0.0634326,0.487302,0.0107086,0.487302,0.0254992,0.487302,All
0.0291635,0.488095,-0.0626947,0.488095,0.0116033,0.488095,0.0321104,0.488095,All
0.0296044,0.488889,-0.0623813,0.488889,0.0131705,0.488889,0.0322766,0.488889,All
0.0298924,0.489683,-0.0623033,0.489683,0.0140631,0.489683,0.0327689,0.489683,All
0.0310124,0.490476,-0.060547,0.490476,0.0148517,0.490476,0.0334123,0.490476,All
0.0317421,0.49127,-0.0583408,0.49127,0.0173597,0.49127,0.0365423,0.49127,All
0.0334057,0.492063,-0.057767,0.492063,0.0221845,0.492063,0.0391344,0.492063,All
0.0359472,0.492857,-0.056983,0.492857,0.0233612,0.492857,0.0417922,0.492857,All
0.0372675,0.493651,-0.0568711,0.493651,0.0233843,0.493651,0.0420628,0.493651,All
0.0383804,0.494444,-0.0562567,0.494444,0.024148,0.494444,0.0424014,0.494444,All
0.0393286,0.495238,-0.0548846,0.495238,0.0243916,0.495238,0.0430224,0.495238,All
0.042173,0.496032,-0.0531957,0.496032,0.0253579,0.496032,0.0433779,0.496032,All
0.0440529,0.496825,-0.0497309,0.496825,0.0300734,0.496825,0.0474534,0.496825,All
0.0442901,0.497619,-0.0493774,0.497619,0.031303,0.497619,0.048481,0.497619,All
0.0466488,0.498413,-0.0477727,0.498413,0.0320322,0.498413,0.0523211,0.498413,All
0.0492101,0.499206,-0.0449312,0.499206,0.0327437,0.499206,0.0614525,0.499206,All
0.0502652,0.5,-0.0435149,0.5,0.0403086,0.5,0.0637621,0.5,All
0.0558688,0.500794,-0.0433485,0.500794,0.0406087,0.500794,0.0639459,0.500794,All
0.0570638,0.501587,-0.0422687,0.501587,0.0421935,0.501587,0.0661591,0.501587,All
0.0593407,0.502381,-0.0410878,0.502381,0.0428397,0.502381,0.067097,0.502381,All
0.0618746,0.503175,-0.0403595,0.503175,0.0433251,0.503175,0.0679728,0.503175,All
0.062987,0.503968,-0.0373862,0.503968,0.0443291,0.503968,0.0688709,0.503968,All
0.063425,0.504762,-0.0357609,0.504762,0.0545369,0.504762,0.0701445,0.504762,All
0.0657431,0.505556,-0.0339874,0.505556,0.056447,0.505556,0.0723006,0.505556,All
0.0680241,0.506349,-0.0339874,0.506349,0.0576162,0.506349,0.0745004,0.506349,All
0.0698976,0.507143,-0.0330333,0.507143,0.0576737,0.507143,0.0762641,0.507143,All
0.0708752,0.507937,-0.0329198,0.507937,0.0576737,0.507937,0.07652,0.507937,All
0.0717625,0.50873,-0.0323978,0.50873,0.060364,0.50873,0.0772198,0.50873,All
0.0721968,0.509524,-0.0323978,0.509524,0.0605429,0.509524,0.0795771,0.509524,All
0.0725151,0.510317,-0.0283263,0.510317,0.0605429,0.510317,0.0804893,0.510317,All
0.0731068,0.511111,-0.0271526,0.511111,0.0606278,0.511111,0.0833715,0.511111,All
0.0792125,0.511905,-0.0259826,0.511905,0.064231,0.511905,0.086888,0.511905,All
0.0806822,0.512698,-0.0249817,0.512698,0.0677909,0.512698,0.0892966,0.512698,All
0.0857233,0.513492,-0.0235519,0.513492,0.0762524,0.513492,0.0906751,0.513492,All
0.0877184,0.514286,-0.0201688,0.514286,0.0772502,0.514286,0.09164,0.514286,All
0.0878773,0.515079,-0.0182755,0.515079,0.0795655,0.515079,0.0945634,0.515079,All
0.0886131,0.515873,-0.0168551,0.515873,0.0835319,0.515873,0.0962169,0.515873,All
0.089009,0.516667,-0.0164256,0.516667,0.0842717,0.516667,0.0971791,0.516667,All
0.0976658,0.51746,-0.015374,0.51746,0.0842717,0.51746,0.103519,0.51746,All
0.0977192,0.518254,-0.0136344,0.518254,0.0855264,0.518254,0.104671,0.518254,All
0.0984274,0.519048,-0.0109836,0.519048,0.0905019,0.519048,0.104671,0.519048,All
0.103613,0.519841,-0.00600997,0.519841,0.0929661,0.519841,0.106455,0.519841,All
0.103801,0.520635,-0.00564705,0.520635,0.0953258,0.520635,0.111082,0.520635,All
0.104446,0.521429,-0.00545002,0.521429,0.0980395,0.521429,0.111877,0.521429,All
0.113273,0.522222,-0.00477994,0.522222,0.0985697,0.522222,0.114938,0.522222,All
0.113917,0.523016,-0.0031588,0.523016,0.0997954,0.523016,0.117652,0.523016,All
0.115136,0.52381,-0.000855369,0.52381,0.101777,0.52381,0.119986,0.52381,All
0.115672,0.524603,0.000435693,0.524603,0.105129,0.524603,0.120549,0.524603,All
0.118502,0.525397,0.00237404,0.525397,0.105575,0.525397,0.120929,0.525397,All
0.118917,0.52619,0.00765444,0.52619,0.107743,0.52619,0.121033,0.52619,All
0.119011,0.526984,0.0086984,0.526984,0.111507,0.526984,0.122175,0.526984,All
0.121205,0.527778,0.00979027,0.527778,0.111669,0.527778,0.123512,0.527778,All
0.124193,0.528571,0.0103063,0.528571,0.112227,0.528571,0.127109,0.528571,All
0.134839,0.529365,0.0111128,0.529365,0.114123,0.529365,0.127139,0.529365,All
0.135401,0.530159,0.0117439,0.530159,0.115465,0.530159,0.127259,0.530159,All
0.144152,0.530952,0.0128276,0.530952,0.115669,0.530952,0.129674,0.530952,All
0.144997,0.531746,0.0182254,0.531746,0.11924,0.531746,0.130137,0.531746,All
0.147547,0.53254,0.0200939,0.53254,0.12078,0.53254,0.132012,0.53254,All
0.147733,0.533333,0.0212322,0.533333,0.124333,0.533333,0.133041,0.533333,All
0.147916,0.534127,0.0214595,0.534127,0.131124,0.534127,0.134254,0.534127,All
0.148678,0.534921,0.0245486,0.534921,0.132859,0.534921,0.13709,0.534921,All
0.150499,0.535714,0.0262567,0.535714,0.133706,0.535714,0.137845,0.535714,All
0.151948,0.536508,0.026917,0.536508,0.133794,0.536508,0.138673,0.536508,All
0.152791,0.537302,0.0279128,0.537302,0.133951,0.537302,0.140233,0.537302,All
0.15308,0.538095,0.0279687,0.538095,0.138008,0.538095,0.142655,0.538095,All
0.154342,0.538889,0.0283711,0.538889,0.139916,0.538889,0.14268,0.538889,All
0.155567,0.539683,0.0320247,0.539683,0.140297,0.539683,0.145887,0.539683,All
0.15584,0.540476,0.0335887,0.540476,0.140974,0.540476,0.146299,0.540476,All
0.156776,0.54127,0.0372711,0.54127,0.143958,0.54127,0.150395,0.54127,All
0.160879,0.542063,0.0376372,0.542063,0.144007,0.542063,0.151052,0.542063,All
0.161868,0.542857,0.0376466,0.542857,0.152327,0.542857,0.151971,0.542857,All
0.164997,0.543651,0.0404004,0.543651,0.155062,0.543651,0.152447,0.543651,All
0.170141,0.544444,0.0420298,0.544444,0.164025,0.544444,0.153036,0.544444,All
0.172543,0.545238,0.0430486,0.545238,0.164053,0.545238,0.155923,0.545238,All
0.177423,0.546032,0.0441063,0.546032,0.164702,0.546032,0.161865,0.546032,All
0.178453,0.546825,0.0456009,0.546825,0.165544,0.546825,0.163069,0.546825,All
0.1791,0.547619,0.0495422,0.547619,0.171361,0.547619,0.16381,0.547619,All
0.179201,0.548413,0.0513826,0.548413,0.171687,0.548413,0.165651,0.548413,All
0.17966,0.549206,0.0518882,0.549206,0.181872,0.549206,0.172833,0.549206,All
0.182423,0.55,0.0519177,0.55,0.188616,0.55,0.174612,0.55,All
0.19444,0.550794,0.0537189,0.550794,0.191646,0.550794,0.177769,0.550794,All
0.195128,0.551587,0.0605495,0.551587,0.1942,0.551587,0.178749,0.551587,All
0.19558,0.552381,0.0648806,0.552381,0.195142,0.552381,0.17878,0.552381,All
0.198712,0.553175,0.0691095,0.553175,0.195286,0.553175,0.178944,0.553175,All
0.198832,0.553968,0.0711392,0.553968,0.199997,0.553968,0.181932,0.553968,All
0.204077,0.554762,0.0719755,0.554762,0.200138,0.554762,0.183858,0.554762,All
0.207728,0.555556,0.072738,0.555556,0.200266,0.555556,0.185715,0.555556,All
0.208395,0.556349,0.0757648,0.556349,0.200405,0.556349,0.188657,0.556349,All
0.20911,0.557143,0.078495,0.557143,0.200732,0.557143,0.18894,0.557143,All
0.209408,0.557937,0.0814244,0.557937,0.201045,0.557937,0.190798,0.557937,All
0.210374,0.55873,0.0839636,0.55873,0.2018,0.55873,0.19893,0.55873,All
0.212716,0.559524,0.0845295,0.559524,0.205565,0.559524,0.202629,0.559524,All
0.216004,0.560317,0.0846936,0.560317,0.208993,0.560317,0.204582,0.560317,All
0.217559,0.561111,0.0865025,0.561111,0.211409,0.561111,0.205669,0.561111,All
0.218699,0.561905,0.0865025,0.561905,0.212614,0.561905,0.206664,0.561905,All
0.22286,0.562698,0.0885134,0.562698,0.213587,0.562698,0.207091,0.562698,All
0.223745,0.563492,0.0901501,0.563492,0.214642,0.563492,0.208254,0.563492,All
0.223745,0.564286,0.0934846,0.564286,0.217012,0.564286,0.209124,0.564286,All
0.229123,0.565079,0.0943978,0.565079,0.217117,0.565079,0.209627,0.565079,All
0.23391,0.565873,0.0967979,0.565873,0.217361,0.565873,0.210579,0.565873,All
0.236604,0.566667,0.0987125,0.566667,0.218848,0.566667,0.211393,0.566667,All
0.244535,0.56746,0.100354,0.56746,0.218973,0.56746,0.211511,0.56746,All
0.244658,0.568254,0.103581,0.568254,0.219358,0.568254,0.213034,0.568254,All
0.245767,0.569048,0.105651,0.569048,0.22422,0.569048,0.213066,0.569048,All
0.248762,0.569841,0.110976,0.569841,0.2244,0.569841,0.214697,0.569841,All
0.249542,0.570635,0.112301,0.570635,0.228486,0.570635,0.215953,0.570635,All
0.25391,0.571429,0.114392,0.571429,0.229794,0.571429,0.217364,0.571429,All
0.254258,0.572222,0.114985,0.572222,0.232909,0.572222,0.218448,0.572222,All
0.254512,0.573016,0.116192,0.573016,0.235686,0.573016,0.222969,0.573016,All
0.256933,0.57381,0.116412,0.57381,0.239046,0.57381,0.22354,0.57381,All
0.257161,0.574603,0.118759,0.574603,0.240358,0.574603,0.224899,0.574603,All
0.258288,0.575397,0.120153,0.575397,0.242469,0.575397,0.225926,0.575397,All
0.259509,0.57619,0.121057,0.57619,0.244374,0.57619,0.229782,0.57619,All
0.262982,0.576984,0.123875,0.576984,0.247738,0.576984,0.230381,0.576984,All
0.265689,0.577778,0.129473,0.577778,0.248583,0.577778,0.234356,0.577778,All
0.270587,0.578571,0.131512,0.578571,0.249879,0.578571,0.235009,0.578571,All
0.272914,0.579365,0.134169,0.579365,0.24988,0.579365,0.238795,0.579365,All
0.274406,0.580159,0.145201,0.580159,0.251418,0.580159,0.240154,0.580159,All
0.276868,0.580952,0.145301,0.580952,0.251714,0.580952,0.243775,0.580952,All
0.277493,0.581746,0.146166,0.581746,0.253814,0.581746,0.24546,0.581746,All
0.2811,0.58254,0.14625,0.58254,0.254208,0.58254,0.249391,0.58254,All
0.283347,0.583333,0.15096,0.583333,0.255576,0.583333,0.255255,0.583333,All
0.283358,0.584127,0.156236,0.584127,0.257687,0.584127,0.256871,0.584127,All
0.284484,0.584921,0.158737,0.584921,0.259733,0.584921,0.257123,0.584921,All
0.284543,0.585714,0.159904,0.585714,0.265233,0.585714,0.258279,0.585714,All
0.29328,0.586508,0.163257,0.586508,0.266432,0.586508,0.262328,0.586508,All
0.295459,0.587302,0.164489,0.587302,0.270841,0.587302,0.263694,0.587302,All
0.296201,0.588095,0.166527,0.588095,0.271061,0.588095,0.263796,0.588095,All
0.297566,0.588889,0.166527,0.588889,0.271279,0.588889,0.264502,0.588889,All
0.297741,0.589683,0.166583,0.589683,0.280675,0.589683,0.26535,0.589683,All
0.298845,0.590476,0.167045,0.590476,0.282601,0.590476,0.266253,0.590476,All
0.29904,0.59127,0.168296,0.59127,0.282615,0.59127,0.268193,0.59127,All
0.300752,0.592063,0.168778,0.592063,0.289083,0.592063,0.271731,0.592063,All
0.302967,0.592857,0.169934,0.592857,0.290316,0.592857,0.274218,0.592857,All
0.305356,0.593651,0.170488,0.593651,0.294656,0.593651,0.276888,0.593651,All
0.309478,0.594444,0.173934,0.594444,0.295227,0.594444,0.277411,0.594444,All
0.310751,0.595238,0.174088,0.595238,0.30413,0.595238,0.290238,0.595238,All
0.314786,0.596032,0.174852,0.596032,0.306114,0.596032,0.291031,0.596032,All
0.317678,0.596825,0.175997,0.596825,0.309627,0.596825,0.291177,0.596825,All
0.321184,0.597619,0.176768,0.597619,0.310327,0.597619,0.291919,0.597619,All
0.321273,0.598413,0.179879,0.598413,0.3133,0.598413,0.293583,0.598413,All
0.327442,0.599206,0.19276,0.599206,0.313583,0.599206,0.29785,0.599206,All
0.328777,0.6,0.201677,0.6,0.314322,0.6,0.300279,0.6,All
0.330139,0.600794,0.204416,0.600794,0.321526,0.600794,0.300571,0.600794,All
0.330618,0.601587,0.208434,0.601587,0.32287,0.601587,0.301552,0.601587,All
0.332824,0.602381,0.21159,0.602381,0.327773,0.602381,0.303527,0.602381,All
0.333602,0.603175,0.214958,0.603175,0.330576,0.603175,0.306733,0.603175,All
0.333847,0.603968,0.217019,0.603968,0.334932,0.603968,0.306781,0.603968,All
0.339931,0.604762,0.219365,0.604762,0.33506,0.604762,0.310317,0.604762,All
0.340179,0.605556,0.22112,0.605556,0.336938,0.605556,0.311905,0.605556,All
0.340793,0.606349,0.221289,0.606349,0.337599,0.606349,0.319363,0.606349,All
0.341394,0.607143,0.223706,0.607143,0.340512,0.607143,0.32192,0.607143,All
0.342308,0.607937,0.223978,0.607937,0.340675,0.607937,0.323286,0.607937,All
0.342846,0.60873,0.224726,0.60873,0.340801,0.60873,0.323426,0.60873,All
0.346165,0.609524,0.226908,0.609524,0.342267,0.609524,0.326194,0.609524,All
0.347015,0.610317,0.231136,0.610317,0.344585,0.610317,0.330865,0.610317,All
0.35027,0.611111,0.235348,0.611111,0.345656,0.611111,0.33192,0.611111,All
0.352367,0.611905,0.236341,0.611905,0.346492,0.611905,0.333551,0.611905,All
0.352367,0.612698,0.237514,0.612698,0.350515,0.612698,0.333784,0.612698,All
0.352434,0.613492,0.240143,0.613492,0.351114,0.613492,0.336839,0.613492,All
0.353178,0.614286,0.24049,0.614286,0.352863,0.614286,0.336843,0.614286,All
0.353281,0.615079,0.244943,0.615079,0.353633,0.615079,0.34043,0.615079,All
0.356027,0.615873,0.251791,0.615873,0.353716,0.615873,0.341341,0.615873,All
0.356027,0.616667,0.252451,0.616667,0.354412,0.616667,0.342582,0.616667,All
0.357598,0.61746,0.254223,0.61746,0.357313,0.61746,0.34563,0.61746,All
0.359312,0.618254,0.256649,0.618254,0.357381,0.618254,0.348215,0.618254,All
0.359818,0.619048,0.256841,0.619048,0.357403,0.619048,0.348782,0.619048,All
0.359843,0.619841,0.257416,0.619841,0.361248,0.619841,0.348886,0.619841,All
0.361081,0.620635,0.257465,0.620635,0.362153,0.620635,0.351744,0.620635,All
0.363245,0.621429,0.258736,0.621429,0.363292,0.621429,0.35187,0.621429,All
0.367452,0.622222,0.259783,0.622222,0.365204,0.622222,0.352377,0.622222,All
0.368913,0.623016,0.260351,0.623016,0.374492,0.623016,0.353023,0.623016,All
0.372164,0.62381,0.261346,0.62381,0.377248,0.62381,0.355744,0.62381,All
0.372164,0.624603,0.261679,0.624603,0.377815,0.624603,0.356796,0.624603,All
0.373251,0.625397,0.264864,0.625397,0.378632,0.625397,0.359365,0.625397,All
0.374474,0.62619,0.275703,0.62619,0.379531,0.62619,0.36149,0.62619,All
0.375171,0.626984,0.277598,0.626984,0.379642,0.626984,0.363573,0.626984,All
0.378016,0.627778,0.277723,0.627778,0.382436,0.627778,0.364551,0.627778,All
0.381061,0.628571,0.279887,0.628571,0.383035,0.628571,0.366541,0.628571,All
0.384002,0.629365,0.280807,0.629365,0.386598,0.629365,0.367252,0.629365,All
0.391441,0.630159,0.282248,0.630159,0.3885,0.630159,0.370225,0.630159,All
0.391991,0.630952,0.283274,0.630952,0.388569,0.630952,0.3775,0.630952,All
0.393368,0.631746,0.286398,0.631746,0.390882,0.631746,0.380309,0.631746,All
0.393851,0.63254,0.287719,0.63254,0.391104,0.63254,0.38239,0.63254,All
0.402038,0.633333,0.287788,0.633333,0.394799,0.633333,0.38512,0.633333,All
0.402449,0.634127,0.289527,0.634127,0.397209,0.634127,0.387048,0.634127,All
0.405289,0.634921,0.28967,0.634921,0.397303,0.634921,0.389065,0.634921,All
0.409774,0.635714,0.291185,0.635714,0.397958,0.635714,0.38913,0.635714,All
0.412347,0.636508,0.294365,0.636508,0.398424,0.636508,0.389147,0.636508,All
0.416044,0.637302,0.295941,0.637302,0.399395,0.637302,0.390199,0.637302,All
0.419087,0.638095,0.298083,0.638095,0.405713,0.638095,0.393587,0.638095,All
0.419218,0.638889,0.302651,0.638889,0.407401,0.638889,0.398283,0.638889,All
0.42021,0.639683,0.304966,0.639683,0.412615,0.639683,0.398904,0.639683,All
0.421406,0.640476,0.30657,0.640476,0.416059,0.640476,0.413552,0.640476,All
0.421932,0.64127,0.307847,0.64127,0.426533,0.64127,0.413715,0.64127,All
0.425882,0.642063,0.30894,0.642063,0.427022,0.642063,0.418036,0.642063,All
0.426062,0.642857,0.308995,0.642857,0.428279,0.642857,0.418036,0.642857,All
0.430089,0.643651,0.309064,0.643651,0.431266,0.643651,0.419301,0.643651,All
0.437337,0.644444,0.310842,0.644444,0.432248,0.644444,0.42054,0.644444,All
0.440698,0.645238,0.311031,0.645238,0.433217,0.645238,0.421117,0.645238,All
0.440743,0.646032,0.311596,0.646032,0.433418,0.646032,0.421263,0.646032,All
0.441302,0.646825,0.312469,0.646825,0.434285,0.646825,0.422014,0.646825,All
0.442074,0.647619,0.314746,0.647619,0.44287,0.647619,0.424645,0.647619,All
0.442579,0.648413,0.321354,0.648413,0.445641,0.648413,0.42808,0.648413,All
0.447475,0.649206,0.321836,0.649206,0.449459,0.649206,0.428269,0.649206,All
0.4521,0.65,0.327387,0.65,0.44948,0.65,0.432675,0.65,All
0.453466,0.650794,0.327567,0.650794,0.449947,0.650794,0.432746,0.650794,All
0.456361,0.651587,0.332101,0.651587,0.451896,0.651587,0.435275,0.651587,All
0.458359,0.652381,0.332265,0.652381,0.45238,0.652381,0.437234,0.652381,All
0.460407,0.653175,0.33414,0.653175,0.454757,0.653175,0.437879,0.653175,All
0.465296,0.653968,0.338766,0.653968,0.454764,0.653968,0.442064,0.653968,All
0.465737,0.654762,0.350793,0.654762,0.456017,0.654762,0.443262,0.654762,All
0.466538,0.655556,0.353023,0.655556,0.456092,0.655556,0.444102,0.655556,All
0.467712,0.656349,0.357116,0.656349,0.458127,0.656349,0.4456,0.656349,All
0.474288,0.657143,0.358192,0.657143,0.458351,0.657143,0.446291,0.657143,All
0.476229,0.657937,0.358312,0.657937,0.45992,0.657937,0.446693,0.657937,All
0.476704,0.65873,0.359647,0.65873,0.461349,0.65873,0.455374,0.65873,All
0.480763,0.659524,0.360389,0.659524,0.4628,0.659524,0.45769,0.659524,All
0.48088,0.660317,0.361351,0.660317,0.462943,0.660317,0.459438,0.660317,All
0.483056,0.661111,0.366615,0.661111,0.469015,0.661111,0.460275,0.661111,All
0.48433,0.661905,0.367717,0.661905,0.469484,0.661905,0.46502,0.661905,All
0.48571,0.662698,0.368147,0.662698,0.474633,0.662698,0.465395,0.662698,All
0.486212,0.663492,0.378189,0.663492,0.477328,0.663492,0.468693,0.663492,All
0.486992,0.664286,0.3783,0.664286,0.478683,0.664286,0.46948,0.664286,All
0.488014,0.665079,0.382982,0.665079,0.47989,0.665079,0.471344,0.665079,All
0.488435,0.665873,0.388731,0.665873,0.480432,0.665873,0.472744,0.665873,All
0.488534,0.666667,0.389523,0.666667,0.480598,0.666667,0.474404,0.666667,All
0.494721,0.66746,0.38959,0.66746,0.487481,0.66746,0.474625,0.66746,All
0.495619,0.668254,0.392004,0.668254,0.489017,0.668254,0.481317,0.668254,All
0.49697,0.669048,0.392848,0.669048,0.4922,0.669048,0.482575,0.669048,All
0.49916,0.669841,0.393028,0.669841,0.492277,0.669841,0.483338,0.669841,All
0.500879,0.670635,0.394157,0.670635,0.494614,0.670635,0.485283,0.670635,All
0.50134,0.671429,0.395521,0.671429,0.495936,0.671429,0.487351,0.671429,All
0.501792,0.672222,0.395521,0.672222,0.496265,0.672222,0.489066,0.672222,All
0.502596,0.673016,0.395879,0.673016,0.496853,0.673016,0.494774,0.673016,All
0.503056,0.67381,0.399747,0.67381,0.499694,0.67381,0.494774,0.67381,All
0.506579,0.674603,0.402619,0.674603,0.504032,0.674603,0.495966,0.674603,All
0.509317,0.675397,0.406122,0.675397,0.50691,0.675397,0.497284,0.675397,All
0.514,0.67619,0.412374,0.67619,0.50733,0.67619,0.501014,0.67619,All
0.517043,0.676984,0.417727,0.676984,0.509552,0.676984,0.501759,0.676984,All
0.517918,0.677778,0.418274,0.677778,0.509912,0.677778,0.502163,0.677778,All
0.518408,0.678571,0.419144,0.678571,0.510538,0.678571,0.504992,0.678571,All
0.518433,0.679365,0.419757,0.679365,0.510916,0.679365,0.508451,0.679365,All
0.519007,0.680159,0.421461,0.680159,0.515894,0.680159,0.509316,0.680159,All
0.519741,0.680952,0.422971,0.680952,0.517308,0.680952,0.51007,0.680952,All
0.52338,0.681746,0.423543,0.681746,0.517528,0.681746,0.512407,0.681746,All
0.525076,0.68254,0.425072,0.68254,0.51848,0.68254,0.513104,0.68254,All
0.527442,0.683333,0.431368,0.683333,0.525881,0.683333,0.518203,0.683333,All
0.527745,0.684127,0.432735,0.684127,0.528695,0.684127,0.51854,0.684127,All
0.528243,0.684921,0.433615,0.684921,0.529712,0.684921,0.519687,0.684921,All
0.530638,0.685714,0.435806,0.685714,0.530274,0.685714,0.521466,0.685714,All
0.532882,0.686508,0.436348,0.686508,0.530339,0.686508,0.521581,0.686508,All
0.533816,0.687302,0.43894,0.687302,0.536164,0.687302,0.522475,0.687302,All
0.535026,0.688095,0.44623,0.688095,0.538157,0.688095,0.525394,0.688095,All
0.535146,0.688889,0.446847,0.688889,0.539904,0.688889,0.527767,0.688889,All
0.541024,0.689683,0.447403,0.689683,0.540215,0.689683,0.534266,0.689683,All
0.545263,0.690476,0.448409,0.690476,0.540363,0.690476,0.539661,0.690476,All
0.547514,0.69127,0.448892,0.69127,0.540651,0.69127,0.541168,0.69127,All
0.54757,0.692063,0.45303,0.692063,0.544591,0.692063,0.541683,0.692063,All
0.5478,0.692857,0.454273,0.692857,0.544979,0.692857,0.542047,0.692857,All
0.548119,0.693651,0.455566,0.693651,0.547779,0.693651,0.54345,0.693651,All
0.548835,0.694444,0.456427,0.694444,0.550543,0.694444,0.548206,0.694444,All
0.550129,0.695238,0.456463,0.695238,0.554496,0.695238,0.551059,0.695238,All
0.552749,0.696032,0.457336,0.696032,0.556909,0.696032,0.552827,0.696032,All
0.553055,0.696825,0.458693,0.696825,0.557895,0.696825,0.554509,0.696825,All
0.554876,0.697619,0.458785,0.697619,0.559293,0.697619,0.554522,0.697619,All
0.563078,0.698413,0.458888,0.698413,0.560947,0.698413,0.55555,0.698413,All
0.563755,0.699206,0.46801,0.699206,0.560947,0.699206,0.556434,0.699206,All
0.563925,0.7,0.468878,0.7,0.563319,0.7,0.557868,0.7,All
0.56772,0.700794,0.472103,0.700794,0.56593,0.700794,0.561462,0.700794,All
0.568315,0.701587,0.474296,0.701587,0.566158,0.701587,0.563126,0.701587,All
0.570357,0.702381,0.47582,0.702381,0.56645,0.702381,0.564946,0.702381,All
0.570576,0.703175,0.475863,0.703175,0.568127,0.703175,0.567492,0.703175,All
0.576221,0.703968,0.481922,0.703968,0.568966,0.703968,0.568267,0.703968,All
0.580942,0.704762,0.485663,0.704762,0.570313,0.704762,0.579283,0.704762,All
0.581687,0.705556,0.486439,0.705556,0.570446,0.705556,0.584381,0.705556,All
0.582924,0.706349,0.487326,0.706349,0.570752,0.706349,0.585243,0.706349,All
0.58386,0.707143,0.489806,0.707143,0.57084,0.707143,0.586924,0.707143,All
0.587046,0.707937,0.493646,0.707937,0.573297,0.707937,0.587958,0.707937,All
0.587046,0.70873,0.495493,0.70873,0.575681,0.70873,0.590914,0.70873,All
0.593238,0.709524,0.496009,0.709524,0.576398,0.709524,0.593302,0.709524,All
0.594806,0.710317,0.496642,0.710317,0.577482,0.710317,0.593758,0.710317,All
0.595599,0.711111,0.497469,0.711111,0.578117,0.711111,0.595118,0.711111,All
0.5997,0.711905,0.508837,0.711905,0.579273,0.711905,0.596331,0.711905,All
0.601061,0.712698,0.513386,0.712698,0.579417,0.712698,0.596874,0.712698,All
0.6035,0.713492,0.513928,0.713492,0.583747,0.713492,0.597422,0.713492,All
0.603565,0.714286,0.516626,0.714286,0.585554,0.714286,0.600528,0.714286,All
0.60461,0.715079,0.525,0.715079,0.592588,0.715079,0.600792,0.715079,All
0.60508,0.715873,0.526031,0.715873,0.599934,0.715873,0.601435,0.715873,All
0.606396,0.716667,0.527615,0.716667,0.600945,0.716667,0.606007,0.716667,All
0.606923,0.71746,0.529595,0.71746,0.60198,0.71746,0.606318,0.71746,All
0.608409,0.718254,0.531613,0.718254,0.602166,0.718254,0.606457,0.718254,All
0.609242,0.719048,0.532497,0.719048,0.604401,0.719048,0.607007,0.719048,All
0.609992,0.719841,0.533223,0.719841,0.610374,0.719841,0.611746,0.719841,All
0.613348,0.720635,0.533289,0.720635,0.61309,0.720635,0.613385,0.720635,All
0.616225,0.721429,0.53361,0.721429,0.614447,0.721429,0.61507,0.721429,All
0.618053,0.722222,0.536297,0.722222,0.615351,0.722222,0.62227,0.722222,All
0.624776,0.723016,0.537643,0.723016,0.61733,0.723016,0.624748,0.723016,All
0.632626,0.72381,0.545467,0.72381,0.621394,0.72381,0.625929,0.72381,All
0.64258,0.724603,0.548457,0.724603,0.621566,0.724603,0.626344,0.724603,All
0.642799,0.725397,0.548503,0.725397,0.622194,0.725397,0.629777,0.725397,All
0.643506,0.72619,0.548684,0.72619,0.62296,0.72619,0.632033,0.72619,All
0.643917,0.726984,0.552711,0.726984,0.6267,0.726984,0.634658,0.726984,All
0.644614,0.727778,0.553483,0.727778,0.634155,0.727778,0.635158,0.727778,All
0.648014,0.728571,0.553831,0.728571,0.63492,0.728571,0.635896,0.728571,All
0.648657,0.729365,0.554288,0.729365,0.635583,0.729365,0.636302,0.729365,All
0.649801,0.730159,0.557533,0.730159,0.63693,0.730159,0.6427,0.730159,All
0.65118,0.730952,0.557804,0.730952,0.637249,0.730952,0.643789,0.730952,All
0.652024,0.731746,0.559894,0.731746,0.637955,0.731746,0.64549,0.731746,All
0.654033,0.73254,0.562808,0.73254,0.638688,0.73254,0.646774,0.73254,All
0.654161,0.733333,0.568545,0.733333,0.645498,0.733333,0.647786,0.733333,All
0.654545,0.734127,0.570585,0.734127,0.650813,0.734127,0.648483,0.734127,All
0.655906,0.734921,0.576228,0.734921,0.65189,0.734921,0.64862,0.734921,All
0.656752,0.735714,0.579828,0.735714,0.65678,0.735714,0.648711,0.735714,All
0.66214,0.736508,0.579925,0.736508,0.65678,0.736508,0.649623,0.736508,All
0.666553,0.737302,0.583948,0.737302,0.658351,0.737302,0.651509,0.737302,All
0.673815,0.738095,0.587857,0.738095,0.665629,0.738095,0.654699,0.738095,All
0.677184,0.738889,0.591008,0.738889,0.668798,0.738889,0.655836,0.738889,All
0.681997,0.739683,0.591111,0.739683,0.669663,0.739683,0.658851,0.739683,All
0.683901,0.740476,0.591611,0.740476,0.674346,0.740476,0.658904,0.740476,All
0.689992,0.74127,0.598853,0.74127,0.676272,0.74127,0.661977,0.74127,All
0.692865,0.742063,0.598996,0.742063,0.678339,0.742063,0.663303,0.742063,All
0.695955,0.742857,0.599175,0.742857,0.678453,0.742857,0.668242,0.742857,All
0.69704,0.743651,0.599947,0.743651,0.682634,0.743651,0.674647,0.743651,All
0.706095,0.744444,0.600513,0.744444,0.690414,0.744444,0.675018,0.744444,All
0.708833,0.745238,0.608722,0.745238,0.702979,0.745238,0.677122,0.745238,All
0.711635,0.746032,0.613898,0.746032,0.711122,0.746032,0.680027,0.746032,All
0.712551,0.746825,0.617331,0.746825,0.71128,0.746825,0.685942,0.746825,All
0.716096,0.747619,0.620787,0.747619,0.715379,0.747619,0.689244,0.747619,All
0.716975,0.748413,0.622517,0.748413,0.71725,0.748413,0.689295,0.748413,All
0.722931,0.749206,0.625599,0.749206,0.723778,0.749206,0.694211,0.749206,All
0.725407,0.75,0.632076,0.75,0.72555,0.75,0.695261,0.75,All
0.72821,0.750794,0.634972,0.750794,0.72716,0.750794,0.695528,0.750794,All
0.731352,0.751587,0.635927,0.751587,0.729243,0.751587,0.698771,0.751587,All
0.739977,0.752381,0.638546,0.752381,0.737962,0.752381,0.701127,0.752381,All
0.744254,0.753175,0.639341,0.753175,0.741982,0.753175,0.702021,0.753175,All
0.751787,0.753968,0.640231,0.753968,0.743604,0.753968,0.703788,0.753968,All
0.755025,0.754762,0.640279,0.754762,0.745189,0.754762,0.704031,0.754762,All
0.755448,0.755556,0.64361,0.755556,0.745725,0.755556,0.704173,0.755556,All
0.75568,0.756349,0.645252,0.756349,0.746182,0.756349,0.704803,0.756349,All
0.757412,0.757143,0.649122,0.757143,0.747331,0.757143,0.707586,0.757143,All
0.760738,0.757937,0.657039,0.757937,0.748901,0.757937,0.70895,0.757937,All
0.763201,0.75873,0.65776,0.75873,0.749083,0.75873,0.709289,0.75873,All
0.764699,0.759524,0.670649,0.759524,0.749526,0.759524,0.70986,0.759524,All
0.766292,0.760317,0.671208,0.760317,0.750292,0.760317,0.709956,0.760317,All
0.767741,0.761111,0.67289,0.761111,0.752489,0.761111,0.709956,0.761111,All
0.768871,0.761905,0.675032,0.761905,0.758035,0.761905,0.714396,0.761905,All
0.771188,0.762698,0.676298,0.762698,0.759546,0.762698,0.717322,0.762698,All
0.773912,0.763492,0.679351,0.763492,0.759955,0.763492,0.719302,0.763492,All
0.773931,0.764286,0.687708,0.764286,0.760143,0.764286,0.726815,0.764286,All
0.777517,0.765079,0.692658,0.765079,0.76146,0.765079,0.728484,0.765079,All
0.780603,0.765873,0.694532,0.765873,0.764567,0.765873,0.728602,0.765873,All
0.782411,0.766667,0.695693,0.766667,0.764743,0.766667,0.728641,0.766667,All
0.787777,0.76746,0.695948,0.76746,0.769052,0.76746,0.730306,0.76746,All
0.790096,0.768254,0.696528,0.768254,0.773645,0.768254,0.731514,0.768254,All
0.790634,0.769048,0.698432,0.769048,0.774885,0.769048,0.731554,0.769048,All
0.79309,0.769841,0.699671,0.769841,0.77834,0.769841,0.734516,0.769841,All
0.802841,0.770635,0.700464,0.770635,0.781825,0.770635,0.736585,0.770635,All
0.804072,0.771429,0.700932,0.771429,0.787071,0.771429,0.736854,0.771429,All
0.805068,0.772222,0.701275,0.772222,0.790794,0.772222,0.74096,0.772222,All
0.807869,0.773016,0.703988,0.773016,0.799871,0.773016,0.741865,0.773016,All
0.815421,0.77381,0.707541,0.77381,0.800524,0.77381,0.748052,0.77381,All
0.816431,0.774603,0.708562,0.774603,0.802946,0.774603,0.748417,0.774603,All
0.8203,0.775397,0.708833,0.775397,0.806949,0.775397,0.758674,0.775397,All
0.821617,0.77619,0.708833,0.77619,0.807172,0.77619,0.762349,0.77619,All
0.823461,0.776984,0.711687,0.776984,0.809136,0.776984,0.763685,0.776984,All
0.824976,0.777778,0.713731,0.777778,0.810576,0.777778,0.763858,0.777778,All
0.828939,0.778571,0.716704,0.778571,0.813801,0.778571,0.767018,0.778571,All
0.832107,0.779365,0.716755,0.779365,0.815067,0.779365,0.768287,0.779365,All
0.832965,0.780159,0.719984,0.780159,0.817868,0.780159,0.777018,0.780159,All
0.83584,0.780952,0.722936,0.780952,0.823769,0.780952,0.777584,0.780952,All
0.840404,0.781746,0.725613,0.781746,0.825384,0.781746,0.779953,0.781746,All
0.840707,0.78254,0.728616,0.78254,0.831533,0.78254,0.783051,0.78254,All
0.842021,0.783333,0.731391,0.783333,0.832281,0.783333,0.784081,0.783333,All
0.843325,0.784127,0.735532,0.784127,0.833682,0.784127,0.791064,0.784127,All
0.844897,0.784921,0.736243,0.784921,0.833696,0.784921,0.792044,0.784921,All
0.846374,0.785714,0.737923,0.785714,0.834621,0.785714,0.795053,0.785714,All
0.848882,0.786508,0.73818,0.786508,0.834621,0.786508,0.796088,0.786508,All
0.849918,0.787302,0.743907,0.787302,0.835423,0.787302,0.796247,0.787302,All
0.85293,0.788095,0.745414,0.788095,0.837224,0.788095,0.801557,0.788095,All
0.857497,0.788889,0.745984,0.788889,0.838379,0.788889,0.802573,0.788889,All
0.863265,0.789683,0.752993,0.789683,0.839137,0.789683,0.80296,0.789683,All
0.864922,0.790476,0.758876,0.790476,0.839174,0.790476,0.803147,0.790476,All
0.86622,0.79127,0.759427,0.79127,0.842007,0.79127,0.803517,0.79127,All
0.867271,0.792063,0.765012,0.792063,0.847355,0.792063,0.806311,0.792063,All
0.877828,0.792857,0.769561,0.792857,0.851043,0.792857,0.809862,0.792857,All
0.882932,0.793651,0.787469,0.793651,0.852674,0.793651,0.819328,0.793651,All
0.89553,0.794444,0.791328,0.794444,0.853094,0.794444,0.821759,0.794444,All
0.895773,0.795238,0.793414,0.795238,0.853639,0.795238,0.823305,0.795238,All
0.904737,0.796032,0.793989,0.796032,0.858634,0.796032,0.825227,0.796032,All
0.906385,0.796825,0.795509,0.796825,0.858707,0.796825,0.830064,0.796825,All
0.906737,0.797619,0.798735,0.797619,0.860285,0.797619,0.831482,0.797619,All
0.907915,0.798413,0.804228,0.798413,0.861047,0.798413,0.832907,0.798413,All
0.911887,0.799206,0.813308,0.799206,0.862179,0.799206,0.833068,0.799206,All
0.927196,0.8,0.816762,0.8,0.863108,0.8,0.837343,0.8,All
0.928166,0.800794,0.817147,0.800794,0.864863,0.800794,0.838665,0.800794,All
0.928166,0.801587,0.819319,0.801587,0.865007,0.801587,0.840182,0.801587,All
0.933476,0.802381,0.82191,0.802381,0.865164,0.802381,0.840515,0.802381,All
0.943564,0.803175,0.82381,0.803175,0.865502,0.803175,0.840778,0.803175,All
0.956652,0.803968,0.831924,0.803968,0.865979,0.803968,0.842662,0.803968,All
0.960256,0.804762,0.838408,0.804762,0.867555,0.804762,0.84335,0.804762,All
0.968194,0.805556,0.838623,0.805556,0.87272,0.805556,0.84491,0.805556,All
0.968792,0.806349,0.841517,0.806349,0.876102,0.806349,0.855888,0.806349,All
0.970784,0.807143,0.843984,0.807143,0.876516,0.807143,0.861921,0.807143,All
0.971355,0.807937,0.845194,0.807937,0.876562,0.807937,0.862367,0.807937,All
0.97577,0.80873,0.845667,0.80873,0.877623,0.80873,0.864618,0.80873,All
0.978121,0.809524,0.846116,0.809524,0.878371,0.809524,0.867687,0.809524,All
0.979221,0.810317,0.846116,0.810317,0.879402,0.810317,0.868267,0.810317,All
0.97936,0.811111,0.848601,0.811111,0.879472,0.811111,0.875167,0.811111,All
0.980203,0.811905,0.851827,0.811905,0.88129,0.811905,0.878059,0.811905,All
0.980203,0.812698,0.851983,0.812698,0.881929,0.812698,0.879833,0.812698,All
0.982772,0.813492,0.856866,0.813492,0.882324,0.813492,0.890929,0.813492,All
0.984712,0.814286,0.858601,0.814286,0.883244,0.814286,0.905896,0.814286,All
0.986158,0.815079,0.860677,0.815079,0.887364,0.815079,0.90622,0.815079,All
0.996987,0.815873,0.860781,0.815873,0.890736,0.815873,0.912492,0.815873,All
1.00055,0.816667,0.86256,0.816667,0.891275,0.816667,0.91334,0.816667,All
1.00129,0.81746,0.878777,0.81746,0.892801,0.81746,0.917049,0.81746,All
1.00588,0.818254,0.879834,0.818254,0.897707,0.818254,0.921889,0.818254,All
1.00698,0.819048,0.88071,0.819048,0.900558,0.819048,0.923971,0.819048,All
1.00918,0.819841,0.883126,0.819841,0.90225,0.819841,0.92449,0.819841,All
1.01228,0.820635,0.884891,0.820635,0.905418,0.820635,0.927047,0.820635,All
1.015,0.821429,0.88915,0.821429,0.906824,0.821429,0.928945,0.821429,All
1.01567,0.822222,0.891647,0.822222,0.91167,0.822222,0.937403,0.822222,All
1.02017,0.823016,0.896619,0.823016,0.915791,0.823016,0.942013,0.823016,All
1.02292,0.82381,0.907232,0.82381,0.921201,0.82381,0.943412,0.82381,All
1.02392,0.824603,0.908932,0.824603,0.922168,0.824603,0.945543,0.824603,All
1.02583,0.825397,0.909841,0.825397,0.926175,0.825397,0.949936,0.825397,All
1.02601,0.82619,0.911359,0.82619,0.927239,0.82619,0.956426,0.82619,All
1.02649,0.826984,0.912044,0.826984,0.935117,0.826984,0.956505,0.826984,All
1.03048,0.827778,0.914746,0.827778,0.941472,0.827778,0.957358,0.827778,All
1.03565,0.828571,0.919951,0.828571,0.946694,0.828571,0.96115,0.828571,All
1.03587,0.829365,0.934076,0.829365,0.949668,0.829365,0.964322,0.829365,All
1.04374,0.830159,0.934876,0.830159,0.950935,0.830159,0.965633,0.830159,All
1.04375,0.830952,0.936979,0.830952,0.952166,0.830952,0.973077,0.830952,All
1.04804,0.831746,0.946666,0.831746,0.952256,0.831746,0.975252,0.831746,All
1.04947,0.83254,0.946987,0.83254,0.953542,0.83254,0.978835,0.83254,All
1.0532,0.833333,0.948953,0.833333,0.955716,0.833333,0.983953,0.833333,All
1.05827,0.834127,0.950433,0.834127,0.956597,0.834127,0.98925,0.834127,All
1.05833,0.834921,0.951378,0.834921,0.957223,0.834921,0.9926,0.834921,All
1.06029,0.835714,0.954064,0.835714,0.958788,0.835714,0.994375,0.835714,All
1.06945,0.836508,0.966987,0.836508,0.961711,0.836508,0.994428,0.836508,All
1.07182,0.837302,0.96749,0.837302,0.963081,0.837302,0.99704,0.837302,All
1.08418,0.838095,0.978127,0.838095,0.969691,0.838095,0.999444,0.838095,All
1.08608,0.838889,0.979718,0.838889,0.978733,0.838889,1.00012,0.838889,All
1.08613,0.839683,0.981761,0.839683,0.981738,0.839683,1.00247,0.839683,All
1.09111,0.840476,0.985159,0.840476,0.982719,0.840476,1.0074,0.840476,All
1.09537,0.84127,0.98776,0.84127,0.985796,0.84127,1.01007,0.84127,All
1.09974,0.842063,0.99163,0.842063,0.98837,0.842063,1.01089,0.842063,All
1.10305,0.842857,0.99261,0.842857,0.990519,0.842857,1.01214,0.842857,All
1.10508,0.843651,0.99261,0.843651,0.999118,0.843651,1.01673,0.843651,All
1.10536,0.844444,0.993729,0.844444,0.999975,0.844444,1.02208,0.844444,All
1.10777,0.845238,0.997279,0.845238,1.00256,0.845238,1.03613,0.845238,All
1.11212,0.846032,0.99972,0.846032,1.00257,0.846032,1.0386,0.846032,All
1.1127,0.846825,1.00476,0.846825,1.01179,0.846825,1.04149,0.846825,All
1.11372,0.847619,1.00506,0.847619,1.01285,0.847619,1.04205,0.847619,All
1.11832,0.848413,1.01131,0.848413,1.01797,0.848413,1.04438,0.848413,All
1.11854,0.849206,1.01432,0.849206,1.02041,0.849206,1.05462,0.849206,All
1.12153,0.85,1.01783,0.85,1.02073,0.85,1.05725,0.85,All
1.12323,0.850794,1.01858,0.850794,1.02428,0.850794,1.0614,0.850794,All
1.12323,0.851587,1.02134,0.851587,1.02554,0.851587,1.06176,0.851587,All
1.12753,0.852381,1.02463,0.852381,1.02674,0.852381,1.06359,0.852381,All
1.1306,0.853175,1.02491,0.853175,1.03385,0.853175,1.06442,0.853175,All
1.13251,0.853968,1.04012,0.853968,1.03536,0.853968,1.06499,0.853968,All
1.135,0.854762,1.04813,0.854762,1.03882,0.854762,1.06535,0.854762,All
1.13528,0.855556,1.0536,0.855556,1.04022,0.855556,1.06676,0.855556,All
1.13528,0.856349,1.05605,0.856349,1.04657,0.856349,1.06826,0.856349,All
1.14227,0.857143,1.06093,0.857143,1.04761,0.857143,1.06835,0.857143,All
1.1491,0.857937,1.06366,0.857937,1.05164,0.857937,1.06875,0.857937,All
1.14973,0.85873,1.06384,0.85873,1.05348,0.85873,1.06975,0.85873,All
1.15154,0.859524,1.06435,0.859524,1.06498,0.859524,1.07022,0.859524,All
1.1519,0.860317,1.06996,0.860317,1.07112,0.860317,1.07081,0.860317,All
1.15293,0.861111,1.07113,0.861111,1.0735,0.861111,1.07182,0.861111,All
1.1668,0.861905,1.07166,0.861905,1.07582,0.861905,1.07321,0.861905,All
1.18404,0.862698,1.07237,0.862698,1.08724,0.862698,1.07531,0.862698,All
1.18532,0.863492,1.07394,0.863492,1.08867,0.863492,1.07713,0.863492,All
1.18889,0.864286,1.0749,0.864286,1.09341,0.864286,1.08094,0.864286,All
1.19481,0.865079,1.07561,0.865079,1.09505,0.865079,1.08929,0.865079,All
1.2011,0.865873,1.08335,0.865873,1.09594,0.865873,1.09561,0.865873,All
1.20549,0.866667,1.0839,0.866667,1.09974,0.866667,1.10038,0.866667,All
1.20698,0.86746,1.089,0.86746,1.1057,0.86746,1.10166,0.86746,All
1.21275,0.868254,1.08963,0.868254,1.10938,0.868254,1.10501,0.868254,All
1.21279,0.869048,1.09022,0.869048,1.12101,0.869048,1.1052,0.869048,All
1.21313,0.869841,1.09347,0.869841,1.12162,0.869841,1.10531,0.869841,All
1.21699,0.870635,1.09588,0.870635,1.12391,0.870635,1.10656,0.870635,All
1.21773,0.871429,1.10528,0.871429,1.12608,0.871429,1.10874,0.871429,All
1.21791,0.872222,1.10547,0.872222,1.12792,0.872222,1.11034,0.872222,All
1.21966,0.873016,1.10764,0.873016,1.12855,0.873016,1.11407,0.873016,All
1.22281,0.87381,1.1186,0.87381,1.12899,0.87381,1.12748,0.87381,All
1.22397,0.874603,1.1275,0.874603,1.13285,0.874603,1.12947,0.874603,All
1.23509,0.875397,1.14066,0.875397,1.1365,0.875397,1.13775,0.875397,All
1.2413,0.87619,1.15092,0.87619,1.13871,0.87619,1.14187,0.87619,All
1.24185,0.876984,1.15256,0.876984,1.14762,0.876984,1.15082,0.876984,All
1.24245,0.877778,1.15488,0.877778,1.15709,0.877778,1.15105,0.877778,All
1.24645,0.878571,1.15742,0.878571,1.16367,0.878571,1.15138,0.878571,All
1.24821,0.879365,1.16013,0.879365,1.16401,0.879365,1.15413,0.879365,All
1.25067,0.880159,1.16327,0.880159,1.16541,0.880159,1.15668,0.880159,All
1.25395,0.880952,1.16938,0.880952,1.16691,0.880952,1.16432,0.880952,All
1.25403,0.881746,1.17515,0.881746,1.1679,0.881746,1.1694,0.881746,All
1.2552,0.88254,1.18165,0.88254,1.17001,0.88254,1.17073,0.88254,All
1.26247,0.883333,1.18514,0.883333,1.17002,0.883333,1.17477,0.883333,All
1.26349,0.884127,1.18546,0.884127,1.17401,0.884127,1.17745,0.884127,All
1.26799,0.884921,1.19045,0.884921,1.18016,0.884921,1.18004,0.884921,All
1.26926,0.885714,1.19493,0.885714,1.1802,0.885714,1.18019,0.885714,All
1.26992,0.886508,1.20547,0.886508,1.18463,0.886508,1.18174,0.886508,All
1.27431,0.887302,1.20574,0.887302,1.18692,0.887302,1.18358,0.887302,All
1.27889,0.888095,1.20736,0.888095,1.18865,0.888095,1.19411,0.888095,All
1.27907,0.888889,1.21171,0.888889,1.19109,0.888889,1.19538,0.888889,All
1.28355,0.889683,1.21427,0.889683,1.19109,0.889683,1.20641,0.889683,All
1.28863,0.890476,1.22443,0.890476,1.19282,0.890476,1.2071,0.890476,All
1.29302,0.89127,1.22697,0.89127,1.19578,0.89127,1.20813,0.89127,All
1.29435,0.892063,1.24386,0.892063,1.19889,0.892063,1.20913,0.892063,All
1.31331,0.892857,1.24463,0.892857,1.19918,0.892857,1.21286,0.892857,All
1.31506,0.893651,1.24832,0.893651,1.21328,0.893651,1.21409,0.893651,All
1.31849,0.894444,1.25122,0.894444,1.21331,0.894444,1.22114,0.894444,All
1.3283,0.895238,1.25689,0.895238,1.21981,0.895238,1.22722,0.895238,All
1.32879,0.896032,1.25702,0.896032,1.24663,0.896032,1.22942,0.896032,All
1.33701,0.896825,1.25813,0.896825,1.24958,0.896825,1.24754,0.896825,All
1.35019,0.897619,1.27513,0.897619,1.25134,0.897619,1.25524,0.897619,All
1.3531,0.898413,1.28645,0.898413,1.25225,0.898413,1.2667,0.898413,All
1.3538,0.899206,1.29328,0.899206,1.25838,0.899206,1.27134,0.899206,All
1.35468,0.9,1.29803,0.9,1.2636,0.9,1.27341,0.9,All
1.35829,0.900794,1.30459,0.900794,1.2639,0.900794,1.28486,0.900794,All
1.37674,0.901587,1.32758,0.901587,1.26448,0.901587,1.2903,0.901587,All
1.37738,0.902381,1.33076,0.902381,1.26459,0.902381,1.2926,0.902381,All
1.38204,0.903175,1.33239,0.903175,1.27219,0.903175,1.29569,0.903175,All
1.38315,0.903968,1.33506,0.903968,1.27534,0.903968,1.29865,0.903968,All
1.38537,0.904762,1.34827,0.904762,1.28147,0.904762,1.30502,0.904762,All
1.39245,0.905556,1.34876,0.905556,1.28231,0.905556,1.30921,0.905556,All
1.39398,0.906349,1.35286,0.906349,1.28341,0.906349,1.31006,0.906349,All
1.39852,0.907143,1.35544,0.907143,1.28648,0.907143,1.3138,0.907143,All
1.40394,0.907937,1.35802,0.907937,1.28842,0.907937,1.31812,0.907937,All
1.41005,0.90873,1.35841,0.90873,1.29443,0.90873,1.31892,0.90873,All
1.41116,0.909524,1.36,0.909524,1.30269,0.909524,1.32109,0.909524,All
1.42321,0.910317,1.36089,0.910317,1.30513,0.910317,1.32251,0.910317,All
1.42898,0.911111,1.36301,0.911111,1.31295,0.911111,1.3233,0.911111,All
1.44126,0.911905,1.37055,0.911905,1.32448,0.911905,1.32414,0.911905,All
1.44715,0.912698,1.37249,0.912698,1.32544,0.912698,1.32624,0.912698,All
1.45032,0.913492,1.37623,0.913492,1.336,0.913492,1.33293,0.913492,All
1.46218,0.914286,1.38081,0.914286,1.35382,0.914286,1.33672,0.914286,All
1.46434,0.915079,1.38738,0.915079,1.35577,0.915079,1.33738,0.915079,All
1.46686,0.915873,1.39299,0.915873,1.35649,0.915873,1.33791,0.915873,All
1.46691,0.916667,1.39365,0.916667,1.35789,0.916667,1.33909,0.916667,All
1.47472,0.91746,1.39365,0.91746,1.3695,0.91746,1.34563,0.91746,All
1.47902,0.918254,1.39749,0.918254,1.37217,0.918254,1.34662,0.918254,All
1.48268,0.919048,1.40565,0.919048,1.37294,0.919048,1.35485,0.919048,All
1.48881,0.919841,1.40824,0.919841,1.37559,0.919841,1.3571,0.919841,All
1.49444,0.920635,1.41247,0.920635,1.38451,0.920635,1.35926,0.920635,All
1.49444,0.921429,1.41424,0.921429,1.38492,0.921429,1.36457,0.921429,All
1.49549,0.922222,1.42657,0.922222,1.3851,0.922222,1.37103,0.922222,All
1.49851,0.923016,1.4319,0.923016,1.38632,0.923016,1.37156,0.923016,All
1.50651,0.92381,1.43232,0.92381,1.38728,0.92381,1.3766,0.92381,All
1.50693,0.924603,1.43484,0.924603,1.39331,0.924603,1.378,0.924603,All
1.52542,0.925397,1.43494,0.925397,1.39432,0.925397,1.38025,0.925397,All
1.52592,0.92619,1.43703,0.92619,1.39947,0.92619,1.38251,0.92619,All
1.53134,0.926984,1.46381,0.926984,1.40011,0.926984,1.39446,0.926984,All
1.53528,0.927778,1.46993,0.927778,1.40938,0.927778,1.39656,0.927778,All
1.54002,0.928571,1.46996,0.928571,1.41734,0.928571,1.40044,0.928571,All
1.54162,0.929365,1.47501,0.929365,1.41759,0.929365,1.40878,0.929365,All
1.54466,0.930159,1.47525,0.930159,1.41796,0.930159,1.41122,0.930159,All
1.5552,0.930952,1.48208,0.930952,1.41953,0.930952,1.41571,0.930952,All
1.5662,0.931746,1.48353,0.931746,1.42484,0.931746,1.43076,0.931746,All
1.58709,0.93254,1.48857,0.93254,1.42706,0.93254,1.43274,0.93254,All
1.59115,0.933333,1.49454,0.933333,1.42729,0.933333,1.44162,0.933333,All
1.59976,0.934127,1.50399,0.934127,1.43523,0.934127,1.45326,0.934127,All
1.60295,0.934921,1.50469,0.934921,1.43908,0.934921,1.45963,0.934921,All
1.61107,0.935714,1.50569,0.935714,1.44395,0.935714,1.46947,0.935714,All
1.61644,0.936508,1.51364,0.936508,1.44465,0.936508,1.47207,0.936508,All
1.62404,0.937302,1.51916,0.937302,1.44805,0.937302,1.47773,0.937302,All
1.62786,0.938095,1.5357,0.938095,1.45527,0.938095,1.47822,0.938095,All
1.64187,0.938889,1.56133,0.938889,1.45567,0.938889,1.48132,0.938889,All
1.64349,0.939683,1.56453,0.939683,1.46184,0.939683,1.49116,0.939683,All
1.64668,0.940476,1.56661,0.940476,1.46471,0.940476,1.51054,0.940476,All
1.65627,0.94127,1.5702,0.94127,1.46477,0.94127,1.52692,0.94127,All
1.66782,0.942063,1.57258,0.942063,1.47514,0.942063,1.54516,0.942063,All
1.67408,0.942857,1.57959,0.942857,1.4767,0.942857,1.55342,0.942857,All
1.67592,0.943651,1.58466,0.943651,1.4825,0.943651,1.56346,0.943651,All
1.68229,0.944444,1.58973,0.944444,1.4877,0.944444,1.56861,0.944444,All
1.69334,0.945238,1.5985,0.945238,1.48828,0.945238,1.56962,0.945238,All
1.70975,0.946032,1.60533,0.946032,1.48864,0.946032,1.57188,0.946032,All
1.71701,0.946825,1.60738,0.946825,1.48912,0.946825,1.57798,0.946825,All
1.72301,0.947619,1.60765,0.947619,1.48947,0.947619,1.58025,0.947619,All
1.72354,0.948413,1.61277,0.948413,1.4929,0.948413,1.58334,0.948413,All
1.72631,0.949206,1.62378,0.949206,1.50868,0.949206,1.59598,0.949206,All
1.73383,0.95,1.62406,0.95,1.51163,0.95,1.6,0.95,All
1.73835,0.950794,1.63375,0.950794,1.51448,0.950794,1.60373,0.950794,All
1.7625,0.951587,1.64347,0.951587,1.52517,0.951587,1.63692,0.951587,All
1.76444,0.952381,1.6498,0.952381,1.53158,0.952381,1.63921,0.952381,All
1.78807,0.953175,1.6603,0.953175,1.5489,0.953175,1.64265,0.953175,All
1.80072,0.953968,1.66844,0.953968,1.57068,0.953968,1.64845,0.953968,All
1.80311,0.954762,1.67149,0.954762,1.57228,0.954762,1.66809,0.954762,All
1.81059,0.955556,1.67289,0.955556,1.57541,0.955556,1.67637,0.955556,All
1.81077,0.956349,1.67917,0.956349,1.57856,0.956349,1.67682,0.956349,All
1.81598,0.957143,1.69524,0.957143,1.58779,0.957143,1.68708,0.957143,All
1.81653,0.957937,1.71035,0.957937,1.5908,0.957937,1.69686,0.957937,All
1.82256,0.95873,1.7362,0.95873,1.59348,0.95873,1.71493,0.95873,All
1.82864,0.959524,1.74344,0.959524,1.599,0.959524,1.72406,0.959524,All
1.83258,0.960317,1.76693,0.960317,1.607,0.960317,1.73272,0.960317,All
1.83924,0.961111,1.77043,0.961111,1.60806,0.961111,1.75697,0.961111,All
1.83934,0.961905,1.77342,0.961905,1.60949,0.961905,1.75855,0.961905,All
1.84826,0.962698,1.77545,0.962698,1.61911,0.962698,1.75977,0.962698,All
1.84905,0.963492,1.77607,0.963492,1.62753,0.963492,1.76215,0.963492,All
1.86392,0.964286,1.78175,0.964286,1.64927,0.964286,1.77588,0.964286,All
1.87413,0.965079,1.80177,0.965079,1.66278,0.965079,1.77689,0.965079,All
1.88003,0.965873,1.82485,0.965873,1.66315,0.965873,1.78094,0.965873,All
1.8801,0.966667,1.82888,0.966667,1.6716,0.966667,1.79788,0.966667,All
1.88258,0.96746,1.84098,0.96746,1.68364,0.96746,1.81733,0.96746,All
1.89075,0.968254,1.84155,0.968254,1.6894,0.968254,1.82155,0.968254,All
1.89798,0.969048,1.84859,0.969048,1.69044,0.969048,1.83597,0.969048,All
1.90764,0.969841,1.84964,0.969841,1.69512,0.969841,1.83976,0.969841,All
1.92024,0.970635,1.85634,0.970635,1.69943,0.970635,1.84227,0.970635,All
1.92558,0.971429,1.8746,0.971429,1.70432,0.971429,1.87463,0.971429,All
1.9308,0.972222,1.87898,0.972222,1.706,0.972222,1.88858,0.972222,All
1.93954,0.973016,1.88156,0.973016,1.72626,0.973016,1.92859,0.973016,All
1.94337,0.97381,1.91077,0.97381,1.72689,0.97381,1.94478,0.97381,All
1.94614,0.974603,1.91242,0.974603,1.73121,0.974603,1.95572,0.974603,All
1.94867,0.975397,1.92175,0.975397,1.73309,0.975397,1.96287,0.975397,All
1.95899,0.97619,1.94233,0.97619,1.74032,0.97619,1.96607,0.97619,All
1.96013,0.976984,1.95167,0.976984,1.74727,0.976984,1.97004,0.976984,All
2.03942,0.977778,1.96019,0.977778,1.76162,0.977778,1.97177,0.977778,All
2.04792,0.978571,1.96724,0.978571,1.78793,0.978571,2.00213,0.978571,All
2.0606,0.979365,2.0134,0.979365,1.79754,0.979365,2.03424,0.979365,All
2.06467,0.980159,2.02748,0.980159,1.81993,0.980159,2.03509,0.980159,All
2.06798,0.980952,2.05426,0.980952,1.83075,0.980952,2.05798,0.980952,All
2.0871,0.981746,2.05903,0.981746,1.83547,0.981746,2.08014,0.981746,All
2.09497,0.98254,2.06475,0.98254,1.83603,0.98254,2.131,0.98254,All
2.10822,0.983333,2.0861,0.983333,1.83615,0.983333,2.14537,0.983333,All
2.12902,0.984127,2.08772,0.984127,1.88195,0.984127,2.15388,0.984127,All
2.15968,0.984921,2.09352,0.984921,1.90201,0.984921,2.17426,0.984921,All
2.16122,0.985714,2.10211,0.985714,1.96515,0.985714,2.18115,0.985714,All
2.17498,0.986508,2.11841,0.986508,1.96896,0.986508,2.19899,0.986508,All
2.19991,0.987302,2.13466,0.987302,1.99014,0.987302,2.20451,0.987302,All
2.21148,0.988095,2.16543,0.988095,2.00272,0.988095,2.22416,0.988095,All
2.23956,0.988889,2.1849,0.988889,2.00304,0.988889,2.25856,0.988889,All
2.23996,0.989683,2.21359,0.989683,2.06778,0.989683,2.28802,0.989683,All
2.25733,0.990476,2.28096,0.990476,2.0718,0.990476,2.30129,0.990476,All
2.26374,0.99127,2.31242,0.99127,2.07709,0.99127,2.30987,0.99127,All
2.35525,0.992063,2.31509,0.992063,2.09411,0.992063,2.31559,0.992063,All
2.59555,0.992857,2.31723,0.992857,2.16798,0.992857,2.3299,0.992857,All
2.60763,0.993651,2.32103,0.993651,2.17995,0.993651,2.4262,0.993651,All
2.61308,0.994444,2.37286,0.994444,2.22126,0.994444,2.47562,0.994444,All
2.62574,0.995238,2.46943,0.995238,2.28222,0.995238,2.4762,0.995238,All
2.6317,0.996032,2.50633,0.996032,2.31167,0.996032,2.50786,0.996032,All
2.63878,0.996825,2.58921,0.996825,2.35006,0.996825,2.70654,0.996825,All
2.71764,0.997619,2.59704,0.997619,2.35659,0.997619,2.73287,0.997619,All
2.77345,0.998413,2.63586,0.998413,2.40058,0.998413,2.94199,0.998413,All
2.81895,0.999206,2.99727,0.999206,2.44691,0.999206,3.06049,0.999206,All
2.83768,1,3.18165,1,2.49151,1,3.42326,1,All
4,1,4,1,4,1,4,1,All
