rep,ID,standEta_tin_simulated,standEta_beta_simulated,standEta_delta_simulated,standEta_p_simulated,source,filter
1,1,-1.16863,-0.26562,0.200266,-0.0503395,Neant,0
2,1,-0.815411,-1.75567,0.247738,1.17477,Neant,0
3,1,-0.499753,0.508837,1.05348,-0.374214,Neant,0
4,1,-0.499753,0.304966,1.06498,0.840182,Neant,0
5,1,-0.103538,1.60533,0.809136,2.28802,Neant,0
6,1,-0.599044,-0.938285,1.07112,1.88858,Neant,0
7,1,-0.516226,-0.341027,0.614447,1.38025,Neant,0
8,1,-1.13921,1.46381,1.83603,0.132012,Neant,0
9,1,-0.592344,2.0861,0.746182,0.432746,Neant,0
10,1,-0.686962,0.513928,0.832281,-0.152822,Neant,0
11,1,-0.686962,-0.274996,0.72716,1.20813,Neant,0
12,1,-0.496956,1.07394,0.270841,0.548206,Neant,0
13,1,-0.0739418,0.598853,1.40938,0.174612,Neant,0
14,1,-1.24224,1.67149,0.615351,0.117652,Neant,0
15,1,-0.781836,-0.330261,0.525881,-0.785154,Neant,0
16,1,-0.0158307,-0.482563,1.44465,1.25524,Neant,0
17,1,-0.518916,0.0537189,0.741982,0.211511,Neant,0
18,1,-0.858992,1.07113,-0.0678354,0.142655,Neant,0
19,1,-0.905334,2.1849,0.559293,0.62227,Neant,0
20,1,-0.803968,0.576228,0.62296,0.518203,Neant,0
21,1,-1.06483,0.472103,0.676272,-1.10728,Neant,0
1,2,0.218699,-0.63457,-0.53756,-0.683985,Neant,0
2,2,1.87413,0.908932,-0.421687,-1.63851,Neant,0
3,2,0.314786,-0.520931,-0.892506,0.709956,Neant,0
4,2,0.0558688,-0.872709,-0.806118,0.709956,Neant,0
5,2,-0.954644,0.146166,-0.923957,-0.0534104,Neant,0
6,2,-2.27321,-0.12093,-1.58552,-1.19878,Neant,0
7,2,-0.802932,-1.12647,-1.00197,1.31812,Neant,0
8,2,0.500879,-0.0687247,-1.33693,-0.480668,Neant,0
9,2,-0.197257,1.5985,-0.542989,0.418036,Neant,0
10,2,-0.197257,-0.129114,-0.376931,0.418036,Neant,0
11,2,0.212716,1.36089,-0.427729,0.218448,Neant,0
12,2,-0.948141,0.997279,-0.757175,0.183858,Neant,0
13,2,0.601061,0.311031,-0.0398603,1.34662,Neant,0
14,2,0.164997,0.713731,-0.298318,1.84227,Neant,0
15,2,-0.51665,0.554288,-0.622449,0.0906751,Neant,0
16,2,-1.00264,0.703988,-0.465199,-0.698883,Neant,0
17,2,-0.640754,-0.292092,-0.773195,0.310317,Neant,0
18,2,1.52542,0.175997,-0.443782,0.413715,Neant,0
19,2,1.53134,-0.0410878,-0.510848,-0.551231,Neant,0
20,2,0.483056,0.912044,-0.571796,-1.07445,Neant,0
21,2,0.113917,0.447403,-1.17235,-0.39647,Neant,0
1,3,-1.02416,0.951378,1.04761,-1.39273,Neant,0
2,3,-1.66705,-0.981852,1.09341,-1.31957,Neant,0
3,3,-2.09089,-0.153053,0.861047,-0.770892,Neant,0
4,3,-1.30442,-0.987142,1.12162,0.178944,Neant,0
5,3,-0.103273,-1.69809,0.496853,-0.67721,Neant,0
6,3,-0.0610683,-0.668055,1.16541,-0.589927,Neant,0
7,3,0.527745,1.08335,0.764743,0.177769,Neant,0
8,3,-0.30979,1.96724,1.19918,-0.465208,Neant,0
9,3,-1.80837,-2.36616,1.32448,1.47822,Neant,0
10,3,-1.5965,0.0901501,0.750292,1.71493,Neant,0
11,3,-1.65667,-2.09029,1.57856,0.561462,Neant,0
12,3,-1.22049,1.46996,1.57068,-1.26127,Neant,0
13,3,-1.77672,-2.69442,0.554496,-2.00954,Neant,0
14,3,-2.56634,-0.739967,0.456092,-1.06124,Neant,0
15,3,-1.50615,-1.94662,0.50691,0.206664,Neant,0
16,3,0.381061,-0.760889,0.71725,-1.58207,Neant,0
17,3,-2.38945,-0.17296,0.952256,-0.494207,Neant,0
18,3,-1.11813,-0.359479,0.743604,0.266253,Neant,0
19,3,0.609992,-1.1179,1.69044,-1.16938,Neant,0
20,3,0.643506,2.31723,1.73121,0.14268,Neant,0
21,3,0.689992,-0.365431,1.88195,-1.08354,Neant,0
1,4,1.52592,1.01858,1.16367,1.10656,Neant,0
2,4,1.39245,0.0934846,2.40058,-0.941764,Neant,0
3,4,-0.3647,0.698432,-0.26276,-2.22606,Neant,0
4,4,-0.809356,0.468878,0.56593,-2.05582,Neant,0
5,4,1.18404,-1.16105,0.456017,-0.13735,Neant,0
6,4,1.1668,1.01432,1.19889,-0.196159,Neant,0
7,4,-0.102814,-0.719173,0.321526,-1.08424,Neant,0
8,4,0.840404,0.458785,1.27534,1.0386,Neant,0
9,4,-0.184328,-0.200327,1.73309,0.356796,Neant,0
10,4,0.2811,-1.02415,0.0545369,1.03613,Neant,0
11,4,1.37674,-0.0568711,1.13871,0.647786,Neant,0
12,4,-0.966149,1.1186,0.346492,-0.265932,Neant,0
13,4,-0.603576,1.09588,0.800524,-0.522862,Neant,0
14,4,0.58386,-0.288587,0.952166,-0.545087,Neant,0
15,4,-0.616579,1.77545,0.342267,0.694211,Neant,0
16,4,-1.17591,-1.91131,-0.201392,0.861921,Neant,0
17,4,0.716975,0.0456009,0.711122,0.163069,Neant,0
18,4,-1.1174,-0.499202,0.101777,0.319363,Neant,0
19,4,1.39398,-0.707576,1.08724,-0.897728,Neant,0
20,4,0.782411,-1.41682,0.334932,-2.35351,Neant,0
21,4,1.24821,1.15742,1.39947,-0.515653,Neant,0
1,5,-0.678885,0.357116,-0.44227,0.330865,Neant,0
2,5,1.1491,-0.970642,-0.322903,-1.32454,Neant,0
3,5,1.24245,0.235348,0.63492,0.994375,Neant,0
4,5,0.960256,-0.0548846,0.399395,0.763685,Neant,0
5,5,-1.55271,-0.0871014,0.031303,-0.527434,Neant,0
6,5,1.14973,0.545467,0.397209,-1.5844,Neant,0
7,5,-0.112838,-0.752889,0.585554,0.680027,Neant,0
8,5,-0.101673,0.700932,0.249879,-0.513077,Neant,0
9,5,2.06798,-1.51539,1.17001,0.188657,Neant,0
10,5,0.980203,2.46943,0.876516,0.359365,Neant,0
11,5,0.980203,-1.38202,0.107743,0.779953,Neant,0
12,5,-1.60026,-0.0972544,0.0243916,0.387048,Neant,0
13,5,1.5552,-0.124364,0.747331,-0.880127,Neant,0
14,5,0.594806,-0.374558,1.19578,0.64549,Neant,0
15,5,0.0442901,0.0279687,0.678339,0.999444,Neant,0
16,5,2.25733,1.74344,1.42484,-1.17919,Neant,0
17,5,-0.155413,-0.871016,0.265233,1.63921,Neant,0
18,5,0.244535,-0.315766,-0.316325,0.554522,Neant,0
19,5,-0.71709,-0.727743,-0.351137,-0.493497,Neant,0
20,5,-0.060666,0.676298,0.50733,0.677122,Neant,0
21,5,0.0886131,0.221289,-0.227075,-0.216308,Neant,0
1,6,-1.30697,0.321836,0.876102,2.131,Neant,0
2,6,-1.60951,-2.22153,-0.26872,0.943412,Neant,0
3,6,-2.57971,-0.129539,0.024148,1.52692,Neant,0
4,6,-1.56062,-1.38778,-0.471558,-3.08227,Neant,0
5,6,0.771188,-0.276921,0.271279,0.695261,Neant,0
6,6,-1.34915,1.1275,0.87272,1.01089,Neant,0
7,6,1.22397,0.425072,1.51448,1.45326,Neant,0
8,6,1.26247,0.816762,0.577482,-0.99363,Neant,0
9,6,0.642799,0.287719,1.28341,-0.70296,Neant,0
10,6,0.104446,0.0943978,-0.0815544,0.91334,Neant,0
11,6,-1.64169,-0.938938,0.253814,-0.45642,Neant,0
12,6,-1.20972,-0.328363,2.35006,0.446291,Neant,0
13,6,-0.119929,0.309064,1.4877,-0.30304,Neant,0
14,6,0.170141,-3.25463,0.645498,0.0892966,Neant,0
15,6,-0.0838839,-1.22409,0.00629602,-0.701303,Neant,0
16,6,0.00803611,-0.606054,-0.0602892,0.878059,Neant,0
17,6,0.0806822,-0.0691379,0.353716,0.0701445,Neant,0
18,6,0.442074,-1.07716,1.48864,0.541168,Neant,0
19,6,-2.07588,2.0134,0.212614,-0.592122,Neant,0
20,6,-0.884084,0.0245486,1.18692,0.51854,Neant,0
21,6,-0.515087,0.458888,0.540651,-0.0203768,Neant,0
1,7,-0.705058,0.96749,-0.227746,-0.0273114,Neant,0
2,7,-0.537259,0.244943,-0.62347,1.12748,Neant,0
3,7,-0.984391,1.02491,-0.0258379,0.905896,Neant,0
4,7,-0.449506,-0.146589,-0.309576,0.111877,Neant,0
5,7,0.757412,0.639341,0.056447,-0.698789,Neant,0
6,7,-0.565028,-1.31688,-1.47694,-1.66361,Neant,0
7,7,0.00234879,-0.879031,-0.607889,0.0420628,Neant,0
8,7,-1.73792,0.608722,-0.349309,-1.29921,Neant,0
9,7,-1.70606,-0.377766,-0.617447,0.0254992,Neant,0
10,7,1.92558,0.286398,0.469015,1.78094,Neant,0
11,7,-0.413017,-1.29764,-0.50292,1.69686,Neant,0
12,7,0.928166,-1.40917,-0.688103,-2.15729,Neant,0
13,7,0.928166,1.089,-0.771218,1.75697,Neant,0
14,7,0.982772,1.07237,-0.328971,-0.50164,Neant,0
15,7,-0.48412,-0.445353,-1.1504,-0.914031,Neant,0
16,7,-0.999284,-0.195643,-0.432526,0.0184997,Neant,0
17,7,0.113273,0.359647,-0.201842,1.0614,Neant,0
18,7,0.458359,1.06093,-0.587661,-0.607243,Neant,0
19,7,0.780603,0.15096,-0.392779,-0.80768,Neant,0
20,7,-1.18562,1.25813,-0.0840236,-0.79111,Neant,0
21,7,1.89075,1.67289,0.4628,-1.24644,Neant,0
1,8,0.763201,0.298083,-0.627596,0.648483,Neant,0
2,8,-0.645424,0.0335887,-1.43377,0.635158,Neant,0
3,8,0.405289,-0.0626947,-1.74083,0.205669,Neant,0
4,8,-0.483676,-1.52822,-2.13192,0.0804893,Neant,0
5,8,-0.0144016,-0.441709,-1.98428,1.13775,Neant,0
6,8,-0.546694,0.679351,-1.88393,2.70654,Neant,0
7,8,0.773912,-0.544212,-1.34411,-0.279451,Neant,0
8,8,0.160879,1.16327,-1.69909,0.973077,Neant,0
9,8,0.340793,2.05426,-1.3261,0.13709,Neant,0
10,8,-0.497348,-0.389935,-2.65266,-0.791123,Neant,0
11,8,0.0698976,1.49454,-2.40149,0.823305,Neant,0
12,8,0.0976658,-0.403929,-2.05879,0.685942,Neant,0
13,8,-0.0309404,-0.50325,-1.84045,-1.20115,Neant,0
14,8,-0.11092,-1.59249,-2.11579,0.277411,Neant,0
15,8,-0.753096,0.979718,-1.4924,-0.963293,Neant,0
16,8,-1.81773,1.10547,-1.87142,1.22114,Neant,0
17,8,0.517918,0.282248,-1.60269,0.624748,Neant,0
18,8,-0.888302,-0.688196,-1.72885,0.155923,Neant,0
19,8,-0.87219,1.06435,-2.07658,-0.546427,Neant,0
20,8,-0.17655,1.07166,-2.30751,0.0795771,Neant,0
21,8,0.121205,0.289527,-1.55902,-0.0713107,Neant,0
1,9,0.708833,0.223978,-0.0305071,-1.15978,Neant,0
2,9,0.56772,2.21359,1.44805,0.398904,Neant,0
3,9,-0.850087,0.860781,0.152327,2.19899,Neant,0
4,9,0.48433,-1.27381,0.0140631,-0.214168,Neant,0
5,9,0.373251,-0.015374,0.773645,-0.632431,Neant,0
6,9,0.0132661,0.358192,0.876562,0.46502,Neant,0
7,9,-2.21676,-0.546525,-0.511068,0.0417922,Neant,0
8,9,-0.126039,-2.62919,0.111507,0.928945,Neant,0
9,9,-0.711881,-1.33916,0.878371,0.437234,Neant,0
10,9,-0.988743,0.169934,-0.170122,-1.85409,Neant,0
11,9,0.624776,-0.603425,0.860285,-1.0022,Neant,0
12,9,1.15293,0.0845295,0.891275,-0.320541,Neant,0
13,9,-1.38366,-0.584312,0.165544,0.567492,Neant,0
14,9,-2.37613,1.36,-0.178237,1.11034,Neant,0
15,9,0.844897,-0.963188,0.758035,0.552827,Neant,0
16,9,-0.488966,0.436348,-0.111425,-1.77397,Neant,0
17,9,-0.446134,0.458693,-0.0670298,-1.004,Neant,0
18,9,0.0186368,0.361351,1.21328,-0.798497,Neant,0
19,9,-0.41237,-0.171862,0.579273,0.460275,Neant,0
20,9,-0.880368,-1.28318,-0.0374241,1.33672,Neant,0
21,9,-1.2014,1.38081,0.431266,0.0962169,Neant,0
1,10,0.256933,0.392848,-0.746451,0.38512,Neant,0
2,10,-0.910347,0.736243,-0.935416,-0.595007,Neant,0
3,10,1.08418,1.41247,-0.745703,-0.960814,Neant,0
4,10,1.50693,-0.341352,-0.600336,-1.12263,Neant,0
5,10,0.66214,0.798735,-0.446855,-1.42754,Neant,0
6,10,0.425882,0.431368,-0.752372,1.43274,Neant,0
7,10,-0.957322,0.237514,-0.851547,-0.0948181,Neant,0
8,10,2.6317,-0.264983,-0.236791,-0.258304,Neant,0
9,10,-0.559042,-0.570264,-1.60437,-1.31942,Neant,0
10,10,1.31331,-0.498246,-0.487078,0.472744,Neant,0
11,10,0.541024,1.48353,-0.620665,0.123512,Neant,0
12,10,0.321273,1.35286,-0.734078,0.748417,Neant,0
13,10,-0.685446,1.47501,-0.792111,0.704173,Neant,0
14,10,0.375171,-0.293709,-1.41419,0.086888,Neant,0
15,10,0.254258,-0.366765,-0.597318,-0.544709,Neant,0
16,10,2.04792,-0.825432,-0.31116,-0.588608,Neant,0
17,10,-0.648026,-0.220498,-1.50034,0.351744,Neant,0
18,10,0.466538,0.448892,-0.995634,-0.133405,Neant,0
19,10,0.548835,1.80177,-0.949909,0.243775,Neant,0
20,10,0.384002,0.350793,-0.77641,-0.821741,Neant,0
21,10,0.790634,0.0719755,-0.670828,-0.576247,Neant,0
1,11,0.911887,-2.07641,-0.130576,-1.31357,Neant,0
2,11,0.195128,-0.352788,-0.553785,0.424645,Neant,0
3,11,-0.0779708,-0.431017,0.397303,-0.49644,Neant,0
4,11,1.27907,-0.309288,-0.34167,-0.812405,Neant,0
5,11,-1.63222,1.7362,-0.794662,0.927047,Neant,0
6,11,1.13251,-0.24907,0.133794,0.791064,Neant,0
7,11,-0.404474,-2.42118,-1.20132,-0.831307,Neant,0
8,11,-0.169388,-0.373836,-0.278239,-0.0100803,Neant,0
9,11,1.2011,1.07561,-0.244944,1.76215,Neant,0
10,11,-0.0961267,-1.0148,-0.851106,-0.49196,Neant,0
11,11,0.248762,-0.724288,-0.111231,0.211393,Neant,0
12,11,-0.997702,0.389523,0.405713,0.502163,Neant,0
13,11,-1.82397,1.15092,0.309627,0.521466,Neant,0
14,11,-0.0237714,-1.34073,-0.214131,0.389065,Neant,0
15,11,-0.526378,-0.347871,-0.878751,-1.45413,Neant,0
16,11,0.97577,-0.398034,0.115465,-0.979953,Neant,0
17,11,2.06467,-0.486935,-0.253732,-0.267617,Neant,0
18,11,-0.834325,-0.93056,-0.475053,0.0772198,Neant,0
19,11,0.332824,-0.0357609,0.218848,0.777018,Neant,0
20,11,1.78807,0.179879,-0.0643412,0.579283,Neant,0
21,11,-0.253436,0.73818,0.00803375,0.0116732,Neant,0
1,12,-1.39504,-0.356255,0.060364,0.658851,Neant,0
2,12,-0.485211,0.105651,0.232909,-1.68868,Neant,0
3,12,-0.869486,0.638546,0.823769,-1.61909,Neant,0
4,12,-1.09418,-1.99369,-0.129032,-0.820054,Neant,0
5,12,-0.903926,-0.589514,0.394799,-0.577121,Neant,0
6,12,0.848882,0.145201,0.921201,0.300279,Neant,0
7,12,2.77345,-1.55295,1.01797,-0.757241,Neant,0
8,12,-0.589643,0.795509,0.985796,-0.032128,Neant,0
9,12,-0.365584,-0.576441,-0.0746992,1.56962,Neant,0
10,12,0.0878773,-0.403569,1.38492,0.921889,Neant,0
11,12,-0.694006,1.16013,0.949668,1.12947,Neant,0
12,12,-0.180453,1.50399,1.37294,-0.499513,Neant,0
13,12,1.84826,-1.00785,0.781825,-0.924692,Neant,0
14,12,0.295459,-0.858349,0.138008,0.3775,Neant,0
15,12,-0.0928427,-0.548886,0.690414,1.10531,Neant,0
16,12,-0.621016,-0.282263,0.837224,1.97004,Neant,0
17,12,0.161868,1.5357,0.981738,-1.34508,Neant,0
18,12,-0.0911536,-0.9603,0.838379,0.421117,Neant,0
19,12,-1.15444,-0.24413,0.132859,-2.23741,Neant,0
20,12,-1.6441,-0.40641,0.379531,-0.904894,Neant,0
21,12,0.297741,-0.88183,1.00257,0.0745004,Neant,0
1,13,0.548119,1.38738,-0.49364,0.122175,Neant,0
2,13,-0.341031,0.173934,-0.515181,-0.301412,Neant,0
3,13,1.11372,1.8746,-0.266977,0.210579,Neant,0
4,13,0.807869,0.914746,0.592588,1.64845,Neant,0
5,13,2.23996,-0.223038,0.201045,-0.484613,Neant,0
6,13,-0.253875,2.32103,-0.298049,-0.127646,Neant,0
7,13,0.0977192,-0.383017,-0.487693,0.482575,Neant,0
8,13,0.402449,0.388731,-0.353213,0.957358,Neant,0
9,13,-1.27467,-1.27013,-1.0168,0.646774,Neant,0
10,13,1.38204,-0.542319,-0.345589,0.213066,Neant,0
11,13,1.9308,0.294365,-0.0101677,-0.837728,Neant,0
12,13,-0.787522,0.64361,0.124333,0.103519,Neant,0
13,13,0.652024,1.27513,0.1942,0.42054,Neant,0
14,13,1.12153,-2.09421,-1.14261,-0.768913,Neant,0
15,13,1.83258,-1.48872,-0.445466,1.18358,Neant,0
16,13,0.156776,-0.233913,-0.240378,0.355744,Neant,0
17,13,1.38537,1.25122,0.544979,0.119986,Neant,0
18,13,-0.767631,0.201677,-0.306538,-0.0516041,Neant,0
19,13,-0.815281,-0.0433485,-0.918638,0.0945634,Neant,0
20,13,-0.120422,1.56133,-0.136599,-0.393997,Neant,0
21,13,0.764699,0.486439,0.314322,-1.27696,Neant,0
1,14,-1.01459,0.600513,-0.362208,-0.045063,Neant,0
2,14,-0.525032,0.98776,-1.02967,-0.358933,Neant,0
3,14,0.209408,0.475863,-0.767445,0.217364,Neant,0
4,14,0.22286,1.40565,-0.320577,1.48132,Neant,0
5,14,1.88003,1.84964,-0.207337,-0.644678,Neant,0
6,14,0.996987,-0.277809,-0.0806922,2.30987,Neant,0
7,14,2.0606,-1.68185,-0.285616,0.353023,Neant,0
8,14,-1.26263,-0.766374,-1.31317,0.0085915,Neant,0
9,14,0.821617,-0.121855,-0.540522,-0.75788,Neant,0
10,14,-0.32997,0.327387,-0.392894,0.138673,Neant,0
11,14,0.563925,-0.352298,-0.112626,-0.744468,Neant,0
12,14,-1.06766,0.382982,-0.568298,1.04205,Neant,0
13,14,-0.116541,0.353023,-0.509779,0.956505,Neant,0
14,14,0.904737,0.168778,-0.345679,1.15138,Neant,0
15,14,0.297566,-0.0136344,-0.746106,1.35926,Neant,0
16,14,0.593238,-1.22823,-0.307814,1.18174,Neant,0
17,14,0.649801,-0.873381,-0.566678,-0.403449,Neant,0
18,14,-0.830341,0.0430486,-0.344268,1.06875,Neant,0
19,14,0.357598,-1.25863,-1.19204,-1.17147,Neant,0
20,14,2.61308,0.0519177,-0.1442,1.01007,Neant,0
21,14,2.03942,0.622517,0.0131705,0.487351,Neant,0
1,15,1.21279,-1.45452,-0.936453,0.862367,Neant,0
2,15,0.488435,-0.347193,-1.35596,-1.4639,Neant,0
3,15,0.00411157,-0.655285,-1.48524,1.59598,Neant,0
4,15,-1.29623,-0.366938,-1.86694,-0.201086,Neant,0
5,15,-1.66894,0.455566,-1.55829,-1.65739,Neant,0
6,15,-1.45267,-0.604313,-0.988639,-0.646566,Neant,0
7,15,1.69334,1.4319,-1.20616,0.658904,Neant,0
8,15,1.46434,-0.987378,-1.05413,0.366541,Neant,0
9,15,0.6035,-0.288234,-1.54408,0.0230281,Neant,0
10,15,0.421932,0.0376466,-1.52476,0.134254,Neant,0
11,15,0.426062,-0.126515,-0.521366,1.3571,Neant,0
12,15,-0.372772,-0.36485,-0.939231,0.629777,Neant,0
13,15,-1.10305,0.725613,-1.67089,0.879833,Neant,0
14,15,0.182423,0.529595,-1.11993,0.803147,Neant,0
15,15,-0.601227,-0.312296,-2.3135,0.204582,Neant,0
16,15,0.352434,-0.145456,-1.10819,0.796247,Neant,0
17,15,0.654033,1.88156,-1.06076,-0.956593,Neant,0
18,15,0.603565,0.936979,-0.770526,0.0474534,Neant,0
19,15,0.60461,-0.472725,-0.976626,0.137845,Neant,0
20,15,-0.645896,1.00506,-1.27272,1.07321,Neant,0
21,15,1.32879,-0.364488,-1.13274,1.55342,Neant,0
1,16,-0.487189,0.88071,0.458127,-1.02896,Neant,0
2,16,-0.478721,0.497469,-0.195315,0.803517,Neant,0
3,16,-0.167753,0.168296,-1.70494,-0.098845,Neant,0
4,16,-0.397907,-0.0477727,0.474633,0.09164,Neant,0
5,16,-0.428078,-0.583788,-0.0908838,0.364551,Neant,0
6,16,-1.16598,-0.0623033,-0.366638,0.542047,Neant,0
7,16,-0.544446,0.256649,0.383035,1.0074,Neant,0
8,16,-0.418847,0.412374,-0.505087,-0.057139,Neant,0
9,16,-0.0104525,1.76693,-0.166844,1.02208,Neant,0
10,16,0.0717625,0.911359,-0.434074,-0.196179,Neant,0
11,16,0.0680241,-1.03344,-0.440205,1.2071,Neant,0
12,16,-0.982291,0.838623,0.32287,-0.604346,Neant,0
13,16,-0.426115,1.22697,-0.0432239,-0.334554,Neant,0
14,16,-0.793205,0.570585,-0.310348,0.446693,Neant,0
15,16,-0.76485,0.279887,-0.104316,-0.337649,Neant,0
16,16,-0.0022145,0.82381,0.22422,0.146299,Neant,0
17,16,-0.482605,-1.2363,-0.748235,0.96115,Neant,0
18,16,-0.250338,-0.114635,-0.320899,2.17426,Neant,0
19,16,-0.425873,1.14066,0.171687,0.698771,Neant,0
20,16,0.0310124,1.66844,-0.907544,-0.614375,Neant,0
21,16,-0.566242,-1.0669,-0.907544,1.27134,Neant,0
1,17,-0.456336,-0.00477994,1.46477,-1.09298,Neant,0
2,17,-1.82938,0.118759,0.390882,-0.32665,Neant,0
3,17,-0.964674,0.532497,0.71128,0.92449,Neant,0
4,17,-0.0810851,1.33076,1.69512,-0.154897,Neant,0
5,17,-2.19641,-0.432982,-0.0686945,1.07182,Neant,0
6,17,-0.705744,-0.183416,1.25225,-0.16886,Neant,0
7,17,-0.118795,1.35802,1.45527,-0.184969,Neant,0
8,17,0.257161,1.17515,-0.0589236,-1.20054,Neant,0
9,17,-1.22752,0.166583,0.941472,0.120929,Neant,0
10,17,-1.25697,-0.0822596,0.867555,0.129674,Neant,0
11,17,-2.61262,0.758876,-0.043415,-0.74972,Neant,0
12,17,-1.24624,-1.05504,0.897707,1.08929,Neant,0
13,17,-0.639727,0.0441063,0.978733,0.17878,Neant,0
14,17,-0.724425,-0.0449312,1.58779,-0.135257,Neant,0
15,17,0.378016,-0.309466,0.723778,0.306733,Neant,0
16,17,-1.61484,0.000435693,-0.0754909,1.33791,Neant,0
17,17,-1.43465,1.19493,0.915791,1.73272,Neant,0
18,17,0.0189611,-0.932666,0.434285,0.501014,Neant,0
19,17,-1.18177,-0.00564705,0.105575,-0.286833,Neant,0
20,17,-0.583617,0.696528,0.205565,-1.15672,Neant,0
21,17,-1.66363,0.258736,1.35789,-1.3828,Neant,0
1,18,-0.825061,-1.43106,0.835423,-1.49286,Neant,0
2,18,0.725407,0.735532,1.90201,1.19538,Neant,0
3,18,-1.58949,-1.31852,-0.0350449,0.649623,Neant,0
4,18,-0.0703239,-0.568964,1.10938,-1.01324,Neant,0
5,18,-0.705428,1.82485,1.99014,-2.34878,Neant,0
6,18,-1.38034,-0.859774,0.833682,-0.648203,Neant,0
7,18,-0.770141,0.378189,1.00256,0.0679728,Neant,0
8,18,-0.944665,0.856866,1.1365,-1.09982,Neant,0
9,18,-0.408844,-1.56883,1.57541,0.504992,Neant,0
10,18,0.49916,-0.0857718,1.72626,-0.877869,Neant,0
11,18,0.89553,-1.05481,1.04022,0.38913,Neant,0
12,18,-1.14265,-1.37131,2.17995,1.06975,Neant,0
13,18,0.391991,1.6603,2.49151,0.225926,Neant,0
14,18,-0.39629,-0.778542,1.48828,0.26535,Neant,0
15,18,-1.32519,-0.838397,0.702979,-0.949702,Neant,0
16,18,-1.95276,-0.838397,0.752489,-0.725393,Neant,0
17,18,-1.23816,-0.838397,0.999118,0.512407,Neant,0
18,18,-2.06741,-1.00327,-0.0763559,-0.719886,Neant,0
19,18,0.816431,-1.26929,1.07582,2.18115,Neant,0
20,18,0.0731068,-0.266424,0.999975,0.525394,Neant,0
21,18,0.506579,-1.23251,1.79754,-1.17195,Neant,0
1,19,0.00575108,-2.16375,-0.737039,1.96607,Neant,0
2,19,1.35019,-1.02789,-1.88733,-2.90783,Neant,0
3,19,1.02292,-0.425907,-0.213935,0.0971791,Neant,0
4,19,-1.99235,-1.67318,-1.25941,-1.09279,Neant,0
5,19,0.447475,0.716704,-0.425748,1.06676,Neant,0
6,19,0.550129,-0.279523,-0.708635,-0.429785,Neant,0
7,19,1.92024,-0.543556,-0.525989,1.32251,Neant,0
8,19,1.00055,-0.54709,-0.342863,-0.271156,Neant,0
9,19,1.25395,0.0605495,-0.574105,-0.149029,Neant,0
10,19,1.60295,-0.19864,-0.574105,-0.538987,Neant,0
11,19,0.330139,-0.147286,-0.14927,1.29865,Neant,0
12,19,1.21773,-0.173256,-0.333196,0.539661,Neant,0
13,19,-1.11746,1.33506,-0.885915,0.625929,Neant,0
14,19,-0.689645,-0.342797,-0.805211,1.75977,Neant,0
15,19,-0.78123,0.765012,-0.911189,1.57188,Neant,0
16,19,-0.751831,-0.817319,-0.907741,1.15105,Neant,0
17,19,0.867271,-1.02269,-0.488569,0.341341,Neant,0
18,19,-1.05112,-0.330624,-1.0693,1.6,Neant,0
19,19,0.204077,1.00476,-0.672941,-0.858022,Neant,0
20,19,-0.609837,-0.118807,-0.532086,0.0126218,Neant,0
21,19,-0.926982,1.94233,-0.598985,1.58025,Neant,0
1,20,2.83768,0.46801,-0.852039,-1.05706,Neant,0
2,20,0.474288,-0.567372,-1.14449,-0.813439,Neant,0
3,20,0.277493,0.120153,-1.06328,0.393587,Neant,0
4,20,0.254512,-0.65998,-1.33806,0.509316,Neant,0
5,20,-0.761022,-0.921702,-1.1067,-0.370417,Neant,0
6,20,-0.672814,1.48208,-0.576651,0.864618,Neant,0
7,20,0.29904,-0.0373862,-1.19147,0.912492,Neant,0
8,20,-0.541366,1.10764,-1.07951,-0.18575,Neant,0
9,20,0.843325,-0.898012,-1.79906,-1.43324,Neant,0
10,20,-1.4984,-0.998079,-1.66388,1.94478,Neant,0
11,20,-1.56292,0.617331,-1.32874,-0.330819,Neant,0
12,20,-0.244944,0.858601,-1.42496,1.16432,Neant,0
13,20,0.321184,-0.273406,-1.20179,0.521581,Neant,0
14,20,0.553055,0.302651,-0.834885,-0.335979,Neant,0
15,20,-0.270444,0.312469,-1.19079,1.29569,Neant,0
16,20,2.17498,1.62378,-0.707942,-1.56363,Neant,0
17,20,-0.512225,-0.0531957,-1.80596,-0.515202,Neant,0
18,20,1.61107,1.91242,-0.275209,1.39446,Neant,0
19,20,1.18889,-0.363903,-1.44607,0.54345,Neant,0
20,20,-0.394926,-1.41777,-1.03315,0.728484,Neant,0
21,20,-0.251358,0.129473,-1.59102,0.0430224,Neant,0
1,21,0.0296044,0.358312,-0.830234,1.83597,Neant,0
2,21,0.4521,1.34827,-0.429416,1.47207,Neant,0
3,21,-0.613587,0.231136,-0.539658,-0.0891924,Neant,0
4,21,-0.633143,-0.986719,-0.691458,1.17745,Neant,0
5,21,-0.119155,-0.603518,-0.451462,0.274218,Neant,0
6,21,1.88258,2.99727,0.064231,0.24546,Neant,0
7,21,-0.128296,1.77043,-0.0308754,0.474625,Neant,0
8,21,0.518433,-0.732208,-1.15168,-1.88439,Neant,0
9,21,0.0170629,-0.73794,-0.358074,-0.79314,Neant,0
10,21,0.581687,0.919951,0.0107086,0.648711,Neant,0
11,21,-0.0198497,0.883126,0.266432,-1.17221,Neant,0
12,21,1.29302,0.174088,-0.240631,-1.1143,Neant,0
13,21,-0.037745,0.392004,-0.240631,0.421263,Neant,0
14,21,2.81895,0.831924,-0.545585,-1.33261,Neant,0
15,21,-0.702049,-1.26654,-1.33942,-1.09265,Neant,0
16,21,0.0792125,1.57258,-0.748543,0.868267,Neant,0
17,21,0.0235052,-0.591447,-0.472538,1.27341,Neant,0
18,21,0.777517,0.164489,0.658351,0.655836,Neant,0
19,21,1.46686,-0.230329,-0.575414,-1.41636,Neant,0
20,21,-0.99539,-0.59394,-0.513023,1.57798,Neant,0
21,21,0.716096,-0.434619,-0.859042,0.513104,Neant,0
1,22,1.2413,1.63375,-0.305501,-0.304474,Neant,0
2,22,-1.41924,0.283274,-0.147581,1.08094,Neant,0
3,22,-0.661688,0.419144,0.229794,-1.11495,Neant,0
4,22,1.33701,-0.070244,0.351114,1.18004,Neant,0
5,22,0.846374,-0.0249817,1.12899,0.84335,Neant,0
6,22,-0.824601,1.60738,-0.155953,0.585243,Neant,0
7,22,0.79309,0.0846936,1.08867,0.222969,Neant,0
8,22,1.29435,-0.060547,0.199997,1.33909,Neant,0
9,22,1.07182,-0.224095,0.530274,0.831482,Neant,0
10,22,0.124193,0.0757648,1.3851,-0.519382,Neant,0
11,22,-0.123709,-0.0927032,-0.285936,-1.73978,Neant,0
12,22,0.857497,0.21159,0.454757,-0.957061,Neant,0
13,22,2.26374,0.38959,1.42706,2.30129,Neant,0
14,22,0.832107,-0.743466,0.239046,-0.39544,Neant,0
15,22,-0.510282,-0.0271526,-0.153954,2.31559,Neant,0
16,22,-0.159082,1.34876,-0.589263,-0.928115,Neant,0
17,22,0.416044,-0.254835,0.496265,0.0688709,Neant,0
18,22,0.465737,0.0111128,0.449459,1.06835,Neant,0
19,22,-0.504174,-0.343218,-0.384309,-0.0116268,Neant,0
20,22,0.907915,0.99163,0.340675,1.49116,Neant,0
21,22,-0.101972,0.454273,-0.293484,1.79788,Neant,0
1,23,-0.598628,-1.21874,0.214642,3.06049,Neant,0
2,23,-0.138063,1.71035,0.729243,-0.082751,Neant,0
3,23,0.0372675,1.96019,0.982719,-0.454114,Neant,0
4,23,0.419218,-1.57164,-0.304815,-0.70649,Neant,0
5,23,-0.317964,0.259783,0.11924,-2.3227,Neant,0
6,23,0.0317421,-0.711745,0.144007,-1.27654,Neant,0
7,23,-0.326083,-1.08758,0.0980395,-0.157951,Neant,0
8,23,0.877828,-0.259513,1.03536,1.35485,Neant,0
9,23,-0.231977,-0.20198,0.810576,0.590914,Neant,0
10,23,1.64349,0.793414,0.91167,0.80296,Neant,0
11,23,-1.45687,-1.05974,-0.373996,0.255255,Neant,0
12,23,-1.00442,0.308995,0.378632,-1.13698,Neant,0
13,23,-0.227244,0.526031,0.294656,0.185715,Neant,0
14,23,-1.13008,-0.422873,0.354412,1.10501,Neant,0
15,23,-0.799681,0.112301,0.377815,-0.656236,Neant,0
16,23,-2.69633,-0.788794,-0.563624,-0.407201,Neant,0
17,23,0.643917,-1.12221,0.0677909,-0.304617,Neant,0
18,23,-0.896652,0.368147,0.98837,-0.374346,Neant,0
19,23,0.0857233,-0.546028,0.489017,2.03509,Neant,0
20,23,-0.434641,-0.479468,0.00269252,1.18019,Neant,0
21,23,-0.483951,-0.272326,0.426533,-0.112966,Neant,0
1,24,1.64187,-0.280745,-1.00044,0.229782,Neant,0
2,24,0.0466488,-0.202207,-0.350284,0.389147,Neant,0
3,24,0.563078,-0.829162,-2.03453,-1.32158,Neant,0
4,24,1.26349,-1.00538,-1.94274,-0.56308,Neant,0
5,24,-0.571562,-0.108899,-1.12659,1.77588,Neant,0
6,24,-0.590273,-0.147153,-1.04828,0.474404,Neant,0
7,24,1.46691,1.39365,-0.227338,0.636302,Neant,0
8,24,1.84905,1.39365,-1.0367,-1.76264,Neant,0
9,24,0.042173,0.817147,-1.25362,-0.681537,Neant,0
10,24,1.05827,-0.119033,-1.29866,-0.65088,Neant,0
11,24,-1.62026,0.640231,-1.48316,1.40044,Neant,0
12,24,0.135401,0.0711392,-1.33698,-0.607574,Neant,0
13,24,0.711635,-0.848774,-1.68052,0.209124,Neant,0
14,24,0.648657,2.13466,-0.747243,1.10874,Neant,0
15,24,-0.693689,-0.486695,-0.995161,-0.0303918,Neant,0
16,24,0.805068,1.77607,-0.593031,0.459438,Neant,0
17,24,0.333602,-1.80107,-2.21131,1.31006,Neant,0
18,24,0.409774,-0.241502,-0.767218,-0.5143,Neant,0
19,24,1.09974,1.29803,-0.450529,-0.584779,Neant,0
20,24,0.460407,1.51364,-0.420515,-0.468669,Neant,0
21,24,0.341394,-1.03923,-1.83031,-2.24106,Neant,0
1,25,0.50134,0.0518882,-1.54479,0.0322766,Neant,0
2,25,2.10822,1.20736,-0.893817,0.18894,Neant,0
3,25,0.65118,0.752993,-1.17997,0.257123,Neant,0
4,25,0.632626,0.257416,-0.510588,0.152447,Neant,0
5,25,0.722931,-0.869404,-1.04562,1.32414,Neant,0
6,25,1.41116,-0.0339874,-1.11411,0.494774,Neant,0
7,25,1.06945,-0.0339874,-1.06532,0.494774,Neant,0
8,25,1.81077,0.645252,-0.520194,0.613385,Neant,0
9,25,1.11854,-0.170327,-0.881829,-0.377023,Neant,0
10,25,-0.104174,-0.292969,-1.00335,-0.388761,Neant,0
11,25,2.21148,-1.301,-1.44489,0.994428,Neant,0
12,25,1.58709,0.435806,-0.846853,0.380309,Neant,0
13,25,1.90764,-0.0031588,-1.32549,-0.815901,Neant,0
14,25,1.00129,2.10211,-0.965603,1.15082,Neant,0
15,25,0.85293,0.722936,-1.34455,2.14537,Neant,0
16,25,0.943564,0.527615,-1.33093,-0.697705,Neant,0
17,25,0.882932,-0.445261,-0.984425,1.10038,Neant,0
18,25,0.568315,0.562808,-1.17172,-0.0138567,Neant,0
19,25,1.82864,-1.32228,-0.634682,0.551059,Neant,0
20,25,1.3531,0.978127,-0.569429,2.3299,Neant,0
21,25,1.20549,-0.0329198,-1.21151,-0.751597,Neant,0
1,26,-1.66238,-0.0562567,0.140974,2.05798,Neant,0
2,26,-0.260345,-0.449658,0.528695,1.38251,Neant,0
3,26,0.0104531,-0.305947,0.865979,-0.65883,Neant,0
4,26,-0.749948,-0.298763,-0.0871771,-0.407867,Neant,0
5,26,1.21313,-0.10087,0.602166,0.471344,Neant,0
6,26,1.49549,0.579925,0.398424,0.333784,Neant,0
7,26,-1.07582,0.845194,-0.545084,-0.464953,Neant,0
8,26,-1.32019,0.19276,-0.0718126,0.000444959,Neant,0
9,26,-0.523727,-0.216613,0.188616,-0.763712,Neant,0
10,26,-0.316746,-0.629021,0.480598,0.262328,Neant,0
11,26,0.1791,-1.67025,-0.178248,0.323426,Neant,0
12,26,-0.869722,-0.203922,0.218973,0.890929,Neant,0
13,26,-0.37242,-2.11446,-1.13887,-0.250388,Neant,0
14,26,-0.00608793,1.04813,-0.0985746,1.1694,Neant,0
15,26,1.35468,-1.98843,-0.424505,-1.1996,Neant,0
16,26,1.1306,0.0967979,0.363292,-0.622578,Neant,0
17,26,1.44715,0.613898,1.706,0.437879,Neant,0
18,26,-0.175,1.33239,0.563319,0.965633,Neant,0
19,26,0.683901,1.67917,0.462943,0.276888,Neant,0
20,26,0.535026,-0.193182,-0.321695,-0.779047,Neant,0
21,26,1.02649,-0.0700947,0.0116033,0.38239,Neant,0
1,27,-0.207256,0.848601,-1.39684,-0.631291,Neant,0
2,27,0.608409,1.43494,-2.03141,0.489066,Neant,0
3,27,-0.71056,-0.458935,-2.37642,-1.30986,Neant,0
4,27,-0.124589,1.50569,-2.24438,0.323286,Neant,0
5,27,1.50651,1.5702,-1.99354,1.67682,Neant,0
6,27,2.59555,-1.48281,-1.82269,0.485283,Neant,0
7,27,-0.225485,-0.687014,-2.40628,0.736854,Neant,0
8,27,1.42898,-0.458806,-1.65723,0.707586,Neant,0
9,27,-0.196929,-0.0435149,-3.09984,-0.483172,Neant,0
10,27,0.300752,-0.66738,-3.87217,0.178749,Neant,0
11,27,-1.54823,-0.309114,-2.6505,0.263694,Neant,0
12,27,0.618053,-1.00704,-2.62241,0.0321104,Neant,0
13,27,1.03587,-1.01604,-2.84246,1.33738,Neant,0
14,27,0.393851,1.91077,-2.65304,0.234356,Neant,0
15,27,-1.25083,0.360389,-2.00898,1.30921,Neant,0
16,27,0.533816,-0.840119,-3.21392,0.0111245,Neant,0
17,27,0.48088,-0.851558,-3.3227,0.290238,Neant,0
18,27,2.23956,2.02748,-2.47983,-2.34689,Neant,0
19,27,-0.831427,2.63586,-2.43898,-2.06318,Neant,0
20,27,0.333847,0.24049,-2.16261,-0.866218,Neant,0
21,27,-0.591726,-1.23582,-2.99027,0.483338,Neant,0
1,28,-0.274379,0.907232,0.139916,1.21409,Neant,0
2,28,0.134839,0.116192,-0.103226,-1.50678,Neant,0
3,28,-0.663374,0.448409,-0.125051,0.819328,Neant,0
4,28,-1.1739,2.58921,-0.0305944,-0.115856,Neant,0
5,28,0.178453,0.65776,-0.412796,1.04149,Neant,0
6,28,-0.102576,1.28645,0.352863,1.20913,Neant,0
7,28,1.81059,-0.83152,0.248583,1.11407,Neant,0
8,28,1.5662,-1.29087,-0.620003,0.6427,Neant,0
9,28,0.773931,-0.733502,0.155062,-1.07254,Neant,0
10,28,0.48571,-1.88646,-1.14413,-1.77854,Neant,0
11,28,0.327442,0.559894,-0.0940365,-0.449289,Neant,0
12,28,-1.04682,0.45303,-0.437255,0.215953,Neant,0
13,28,0.535146,0.0128276,0.45992,-0.311297,Neant,0
14,28,-1.08437,-0.768127,-0.316242,0.238795,Neant,0
15,28,-0.70644,2.06475,0.257687,1.51054,Neant,0
16,28,-1.67028,0.548503,-0.366646,0.783051,Neant,0
17,28,-0.375566,0.0117439,-0.116032,-1.7338,Neant,0
18,28,-0.269161,0.47582,-0.118415,-0.124991,Neant,0
19,28,-0.0185171,-0.305604,-0.0535845,-0.459774,Neant,0
20,28,0.0129163,-0.837438,-1.22852,-0.574061,Neant,0
21,28,-0.45594,-0.0283263,-0.593136,-1.25436,Neant,0
1,29,0.147547,-0.600189,-0.895811,0.563126,Neant,0
2,29,1.04374,0.0495422,-1.70453,0.763858,Neant,0
3,29,0.258288,0.946666,-1.28991,-0.271818,Neant,0
4,29,0.437337,-0.989287,-0.873704,1.45963,Neant,0
5,29,-1.01513,-0.630935,-1.03671,-0.389621,Neant,0
6,29,1.10508,0.417727,-0.727152,0.593302,Neant,0
7,29,0.198832,-0.3729,-1.03487,-0.023342,Neant,0
8,29,-1.34641,-0.134469,-1.70654,0.133041,Neant,0
9,29,-0.546541,-0.71742,-1.42424,0.983953,Neant,0
10,29,1.28863,-0.268971,-1.61268,-0.733364,Neant,0
11,29,0.0725151,0.981761,-0.952445,-0.49679,Neant,0
12,29,0.767741,0.954064,-1.06056,0.601435,Neant,0
13,29,-0.0367545,0.474296,-0.781694,-0.038531,Neant,0
14,29,-2.81479,-0.329503,-1.15766,1.39656,Neant,0
15,29,0.518408,0.44623,-1.65748,-0.253364,Neant,0
16,29,-0.585266,-0.583585,-1.50153,2.00213,Neant,0
17,29,0.609242,-0.290837,-0.900453,0.370225,Neant,0
18,29,0.927196,-0.0792028,-0.994189,-0.476882,Neant,0
19,29,-0.211737,-0.0634326,-0.75888,0.840778,Neant,0
20,29,0.147916,-0.00600997,-1.21165,0.830064,Neant,0
21,29,0.340179,1.01131,-1.51164,-0.502148,Neant,0
1,30,-1.16828,-1.054,-2.16811,0.777584,Neant,0
2,30,-0.357279,0.557533,-1.41373,1.64265,Neant,0
3,30,-0.272119,0.841517,-1.3022,1.41122,Neant,0
4,30,1.10536,1.87898,-1.95308,-1.87621,Neant,0
5,30,1.40394,-0.512583,-1.51523,0.208254,Neant,0
6,30,-0.0309134,-0.209716,-1.87556,-1.11774,Neant,0
7,30,-1.51603,-0.0259826,-1.87461,0.651509,Neant,0
8,30,-0.350918,0.0283711,-1.37674,0.435275,Neant,0
9,30,-0.99505,0.708833,-2.27819,-0.301078,Neant,0
10,30,-0.454395,0.708833,-2.00335,0.02375,Neant,0
11,30,-0.694606,0.495493,-2.13485,0.190798,Neant,0
12,30,-0.0476843,-0.451341,-1.85045,-1.03896,Neant,0
13,30,-0.563557,-2.12347,-3.06327,-1.51051,Neant,0
14,30,-1.23758,-0.180745,-1.95711,1.37103,Neant,0
15,30,1.27431,-0.057767,-1.29869,0.263796,Neant,0
16,30,0.0104144,-0.550805,-1.80567,1.06499,Neant,0
17,30,0.978121,0.896619,-1.88155,-0.518077,Neant,0
18,30,-1.39143,0.700464,-2.50551,1.07022,Neant,0
19,30,0.19558,-0.989999,-2.48614,0.214697,Neant,0
20,30,1.67592,0.121057,-1.16984,-0.653124,Neant,0
21,30,-1.09286,0.0513826,-1.74865,-1.10028,Neant,0
1,31,-0.554438,-0.291947,-0.322697,-0.440488,Neant,0
2,31,0.0877184,0.260351,0.0148517,-0.513846,Neant,0
3,31,0.570576,0.366615,0.337599,1.06176,Neant,0
4,31,0.86622,1.06366,-0.136861,0.151052,Neant,0
5,31,0.97936,-0.104903,-0.371954,-2.18056,Neant,0
6,31,-0.401536,-1.11551,-0.935128,-0.261051,Neant,0
7,31,0.0593407,-0.692406,0.0233843,0.432675,Neant,0
8,31,-0.1337,-1.06572,-0.571139,0.419301,Neant,0
9,31,0.115672,-1.66936,-0.421638,-0.135894,Neant,0
10,31,0.359818,-1.52365,-0.382247,-1.48266,Neant,0
11,31,0.83584,-0.28723,-0.0354185,-0.66059,Neant,0
12,31,-1.85798,-0.279627,-0.735941,0.741865,Neant,0
13,31,-0.823585,-0.633822,-0.234493,-0.386293,Neant,0
14,31,0.495619,-0.415913,-0.0148172,0.336843,Neant,0
15,31,-0.441302,0.525,-0.770119,-0.821589,Neant,0
16,31,-0.208651,-0.542045,0.416059,0.784081,Neant,0
17,31,0.0291635,1.20547,0.0905019,-0.776714,Neant,0
18,31,0.265689,2.31509,-0.522209,-0.441268,Neant,0
19,31,-0.229141,-1.24744,0.235686,-1.58191,Neant,0
20,31,0.787777,-0.824843,-0.957096,0.663303,Neant,0
21,31,-1.36989,-1.6993,-0.785688,0.0334123,Neant,0
1,32,-0.0492431,1.18514,0.825384,1.3766,Neant,0
2,32,1.72631,-1.63679,0.164053,-0.3578,Neant,0
3,32,1.72354,1.06996,0.745725,-0.631658,Neant,0
4,32,2.0871,-0.768137,0.0173597,0.855888,Neant,0
5,32,0.359843,-0.128678,-0.0484441,-0.35522,Neant,0
6,32,0.895773,0.620787,1.29443,-1.03365,Neant,0
7,32,1.08613,0.934876,1.38632,1.2903,Neant,0
8,32,0.986158,0.156236,0.0576162,1.63692,Neant,0
9,32,1.26992,-0.342061,1.04657,-0.68783,Neant,0
10,32,-1.63954,-2.06892,-0.535703,0.121033,Neant,0
11,32,-0.766936,-1.97096,-0.18876,-0.802031,Neant,0
12,32,1.73383,0.078495,-0.233985,1.14187,Neant,0
13,32,0.527442,-1.55513,0.0253579,1.82155,Neant,0
14,32,-0.487995,1.0749,0.813801,-0.568326,Neant,0
15,32,2.12902,1.19045,0.509552,-0.0732956,Neant,0
16,32,0.272914,2.59704,0.251418,-0.21706,Neant,0
17,32,0.842021,-1.10851,0.12078,-0.297387,Neant,0
18,32,-0.100736,0.687708,0.412615,-0.0504034,Neant,0
19,32,1.02583,0.100354,0.556909,-0.121632,Neant,0
20,32,0.547514,0.950433,-0.114367,-0.731542,Neant,0
21,32,1.31849,-0.647483,-0.376965,-0.631839,Neant,0
1,33,-1.15395,0.516626,-0.952128,-0.97548,Neant,0
2,33,-0.0612956,0.0691095,-0.90311,-1.67021,Neant,0
3,33,1.8801,0.701275,-0.925435,0.268193,Neant,0
4,33,-0.686616,-0.000855369,-1.27977,0.730306,Neant,0
5,33,-0.646891,0.598996,-0.523561,-2.56046,Neant,0
6,33,1.47472,0.0885134,-1.86594,-1.52773,Neant,0
7,33,0.147733,1.06384,-1.32652,0.127109,Neant,0
8,33,-0.102756,-1.11935,-0.616934,0.35187,Neant,0
9,33,-0.205858,-0.424443,-0.236148,1.46947,Neant,0
10,33,0.532882,-0.558599,0.290316,1.10166,Neant,0
11,33,-0.601302,0.0376372,-1.54932,-0.62155,Neant,0
12,33,0.346165,-1.33676,-1.32046,-0.134663,Neant,0
13,33,-1.33293,2.16543,-0.822326,-0.613163,Neant,0
14,33,-0.320303,-0.576116,-0.801866,0.363573,Neant,0
15,33,0.968194,2.05903,0.171361,0.443262,Neant,0
16,33,0.0359472,-0.936665,-0.719255,-0.162275,Neant,0
17,33,-0.374903,-0.454921,-0.601632,0.564946,Neant,0
18,33,-0.64909,-1.43346,-0.234797,-0.155853,Neant,0
19,33,-0.555985,0.00237404,-1.07438,1.378,Neant,0
20,33,0.391441,1.57959,-1.07258,0.626344,Neant,0
21,33,-0.0410463,1.85634,-1.01772,-0.404312,Neant,0
1,34,1.04375,-0.705694,0.340801,0.837343,Neant,0
2,34,0.298845,-0.313552,0.143958,0.762349,Neant,0
3,34,-1.44816,0.287788,-0.565301,-1.23535,Neant,0
4,34,0.236604,0.946987,0.47989,0.942013,Neant,0
5,34,-1.05592,-0.734878,0.164702,1.32109,Neant,0
6,34,1.45032,0.026917,-0.170821,-2.21643,Neant,0
7,34,1.86392,0.131512,1.68364,0.293583,Neant,0
8,34,0.494721,1.24386,0.3133,-0.758445,Neant,0
9,34,-1.28815,-0.393586,0.164025,2.50786,Neant,0
10,34,1.12753,0.114392,0.863108,-1.42323,Neant,0
11,34,-1.08742,0.934076,0.0929661,-0.814765,Neant,0
12,34,0.552749,-1.17123,0.345656,-0.620461,Neant,0
13,34,-1.76454,-0.206027,0.00736566,0.728602,Neant,0
14,34,-0.605764,-0.576303,-0.259694,0.00129829,Neant,0
15,34,-1.15232,3.18165,-0.0328198,-0.902897,Neant,0
16,34,0.64258,-1.59649,-0.132763,0.153036,Neant,0
17,34,-0.428638,0.657039,0.105129,-1.12752,Neant,0
18,34,0.103801,-0.241869,-0.258585,-0.94872,Neant,0
19,34,0.119011,-0.269787,1.12792,0.728641,Neant,0
20,34,0.430089,-0.346361,-0.0430161,-1.46623,Neant,0
21,34,1.09537,-0.157185,0.990519,0.45769,Neant,0
1,35,0.863265,-0.182774,0.181872,0.0661591,Neant,0
2,35,1.11212,-0.115435,0.310327,1.15668,Neant,0
3,35,1.46218,0.275703,0.0606278,0.825227,Neant,0
4,35,-0.110267,1.20574,0.133951,0.413552,Neant,0
5,35,0.613348,-0.520343,-0.271059,-0.276943,Neant,0
6,35,0.419087,0.579828,0.251714,-0.115119,Neant,0
7,35,0.20911,-0.326722,0.799871,1.60373,Neant,0
8,35,0.576221,0.291185,-0.0691158,1.2926,Neant,0
9,35,-0.397339,-0.666185,0.386598,-0.0697247,Neant,0
10,35,0.72821,0.110976,0.550543,1.00247,Neant,0
11,35,1.59115,0.552711,1.81993,0.55555,Neant,0
12,35,0.673815,-0.308516,0.240358,-1.80171,Neant,0
13,35,0.244658,0.671208,0.191646,0.875167,Neant,0
14,35,-0.49811,1.47525,0.536164,-0.0493949,Neant,0
15,35,-0.0372279,-1.13293,0.433418,-0.169262,Neant,0
16,35,-0.448432,0.909841,0.817868,-0.0758502,Neant,0
17,35,1.42321,0.456463,0.566158,0.22354,Neant,0
18,35,-0.722641,-1.51728,-0.394419,0.635896,Neant,0
19,35,0.486992,-1.41448,0.140297,-0.497992,Neant,0
20,35,1.21966,0.327567,0.365204,-0.243661,Neant,0
21,35,0.0618746,1.36301,0.327773,1.07713,Neant,0
1,36,0.486212,-0.758881,-0.730665,-0.802983,Neant,0
2,36,1.64668,0.599947,-0.687121,-0.576667,Neant,0
3,36,-0.651449,1.58973,-1.36059,1.22722,Neant,0
4,36,-1.65303,1.02134,-1.65463,-0.14892,Neant,0
5,36,-0.374858,1.30459,-1.11103,1.47773,Neant,0
6,36,1.1127,1.56661,-0.697045,0.0143967,Neant,0
7,36,2.63878,0.217019,-1.26026,0.150395,Neant,0
8,36,0.342308,-0.516719,-0.72711,1.43076,Neant,0
9,36,-0.617506,1.64347,-0.704612,0.832907,Neant,0
10,36,0.519741,1.41424,-1.8261,-0.0805496,Neant,0
11,36,-0.314491,0.591111,-2.98157,0.022012,Neant,0
12,36,1.7625,1.39749,-1.21864,-0.283506,Neant,0
13,36,2.60763,0.878777,0.0327437,1.37156,Neant,0
14,36,-0.086098,2.50633,-1.22907,-1.12543,Neant,0
15,36,0.210374,0.0182254,-1.77408,-1.7269,Neant,0
16,36,1.3283,-0.434321,-1.80689,-0.809551,Neant,0
17,36,0.317678,-0.902944,-1.19589,-0.393708,Neant,0
18,36,-0.325753,-0.552299,-1.12619,1.40878,Neant,0
19,36,1.25403,-1.65265,-1.54065,1.07531,Neant,0
20,36,1.81653,0.548684,-0.519778,1.96287,Neant,0
21,36,-0.632379,0.649122,-1.72767,-1.36167,Neant,0
1,37,0.19444,0.176768,-1.16132,0.70986,Neant,0
2,37,0.01453,-0.658601,-0.730351,-1.76044,Neant,0
3,37,-1.04101,0.591008,0.44948,2.47562,Neant,0
4,37,-0.0952794,1.62406,0.259733,1.3233,Neant,0
5,37,-0.0489478,0.948953,0.282601,-0.210676,Neant,0
6,37,-0.261529,-0.454244,-0.199887,-0.254154,Neant,0
7,37,-0.961417,0.537643,-0.332275,-0.836728,Neant,0
8,37,-0.563946,1.05605,-0.0272834,-0.958278,Neant,0
9,37,0.580942,-0.937148,-0.0380306,-0.00706883,Neant,0
10,37,0.217559,-1.21925,2.00272,3.42326,Neant,0
11,37,-1.69682,-0.165078,0.357313,-0.520031,Neant,0
12,37,-1.07879,-1.03357,0.217361,0.792044,Neant,0
13,37,1.28355,1.24463,-0.722437,0.795053,Neant,0
14,37,1.48268,-0.475466,1.78793,1.3138,Neant,0
15,37,-0.0927441,0.675032,0.634155,-0.32802,Neant,0
16,37,-1.80018,0.0404004,-0.606797,1.22942,Neant,0
17,37,1.31506,1.21427,0.0320322,-0.883568,Neant,0
18,37,-2.42644,0.393028,-0.184436,0.584381,Neant,0
19,37,0.648014,1.6498,0.0953258,-1.39058,Neant,0
20,37,-1.08631,-0.116755,1.21331,0.74096,Neant,0
21,37,0.245767,1.37055,0.0985697,0.975252,Neant,0
1,38,-1.51346,-1.17747,-0.430525,0.367252,Neant,0
2,38,0.766292,1.29328,1.37559,-0.388893,Neant,0
3,38,-0.641056,0.985159,0.433217,0.634658,Neant,0
4,38,0.979221,-0.280892,0.454764,1.87463,Neant,0
5,38,-0.724716,-0.864039,0.3885,-1.01339,Neant,0
6,38,2.62574,-0.0422687,0.790794,-0.726198,Neant,0
7,38,-0.684996,0.88915,0.570752,-0.218682,Neant,0
8,38,-1.57806,0.557804,0.313583,2.22416,Neant,0
9,38,0.353281,0.599175,0.839137,0.726815,Neant,0
10,38,-0.437544,-1.26848,0.0795655,-0.217587,Neant,0
11,38,2.16122,-1.94005,0.958788,-0.0978327,Neant,0
12,38,0.353178,0.485663,-0.00708464,1.05462,Neant,0
13,38,1.54162,0.745984,1.18463,-1.52766,Neant,0
14,38,0.467712,1.95167,0.749526,0.90622,Neant,0
15,38,1.03048,1.35841,0.504032,0.0327689,Neant,0
16,38,-1.12273,1.21171,0.621394,0.165651,Neant,0
17,38,-1.85028,2.28096,-0.435574,-0.712466,Neant,0
18,38,-0.0184864,0.0987125,0.879472,-0.0917431,Neant,0
19,38,-0.0841717,-1.28987,-0.312272,0.956426,Neant,0
20,38,-0.33498,-0.349801,1.607,1.67637,Neant,0
21,38,1.76444,0.993729,1.03882,-0.359796,Neant,0
1,39,0.517043,0.568545,-0.790804,0.923971,Neant,0
2,39,1.96013,0.0200939,-0.852774,-0.290721,Neant,0
3,39,1.00698,-0.545452,-1.4919,0.161865,Neant,0
4,39,-0.0320932,-1.74226,-1.33484,-0.834782,Neant,0
5,39,0.0393286,1.15256,-0.439958,1.04438,Neant,0
6,39,1.62404,0.257465,-0.798798,0.0200625,Neant,0
7,39,1.00918,-0.0164256,-0.556055,0.945543,Neant,0
8,39,1.83934,-0.349553,-1.05291,-0.951643,Neant,0
9,39,-0.188132,-0.100384,-1.15666,0.734516,Neant,0
10,39,0.29328,0.82191,-1.14666,-0.200956,Neant,0
11,39,-0.366141,0.277723,-1.14982,0.106455,Neant,0
12,39,0.488014,0.167045,-0.710821,0.806311,Neant,0
13,39,-0.478736,0.67289,-0.81184,1.81733,Neant,0
14,39,1.10777,0.536297,-1.0026,0.42808,Neant,0
15,39,0.509317,0.223706,-1.5921,-0.16697,Neant,0
16,39,1.66782,-0.0623813,-1.18826,-0.561314,Neant,0
17,39,-0.814319,0.804228,-1.27767,-0.437087,Neant,0
18,39,-0.44498,0.0103063,-0.400063,0.701127,Neant,0
19,39,-0.122243,0.553831,-1.37765,-2.03973,Neant,0
20,39,-0.0720639,0.632076,-1.12478,0.632033,Neant,0
21,39,1.81598,0.819319,-0.748184,-1.0287,Neant,0
1,40,0.906385,1.09347,0.833696,-3.51458,Neant,0
2,40,-1.63252,-0.587081,0.599934,0.802573,Neant,0
3,40,-0.675947,-1.06231,1.69943,-1.16837,Neant,0
4,40,-1.88411,-0.0168551,0.935117,-1.0336,Neant,0
5,40,-0.64185,-0.386187,0.57084,-0.628687,Neant,0
6,40,-0.429489,-2.21097,2.09411,0.768287,Neant,0
7,40,-1.48414,-2.55731,1.32544,0.541683,Neant,0
8,40,-1.28707,0.116412,0.737962,0.067097,Neant,0
9,40,0.654545,0.22112,1.48912,1.68708,Neant,0
10,40,-1.59004,-1.072,0.922168,-0.783669,Neant,0
11,40,-0.917098,-1.072,1.66315,-1.04491,Neant,0
12,40,-1.51735,-0.92224,0.570446,-0.29897,Neant,0
13,40,-1.05366,-1.13767,0.853094,0.964322,Neant,0
14,40,-0.492703,-1.64301,0.892801,0.695528,Neant,0
15,40,-0.976592,0.3783,0.881929,0.34563,Neant,0
16,40,0.441302,0.103581,1.57228,-1.08582,Neant,0
17,40,-0.146503,-0.109985,0.575681,-1.88883,Neant,0
18,40,-1.10978,1.0839,0.61309,0.0050634,Neant,0
19,40,-1.63255,-0.230171,0.492277,0.0762641,Neant,0
20,40,-0.616242,-1.30257,0.961711,0.607007,Neant,0
21,40,-0.61598,-1.39047,2.44691,0.333551,Neant,0
1,41,-0.0305834,0.28967,-0.305448,-0.473293,Neant,0
2,41,-0.179007,1.15488,-0.431093,0.291031,Neant,0
3,41,0.148678,-0.668919,0.208993,1.01673,Neant,0
4,41,-0.695542,-0.459949,-0.104814,0.0614525,Neant,0
5,41,-0.818251,0.256841,-0.741544,-1.72281,Neant,0
6,41,0.456361,-0.0887839,-0.122358,0.271731,Neant,0
7,41,0.17966,-0.489674,-0.26705,-0.478363,Neant,0
8,41,0.849918,1.22443,-0.460041,-0.133094,Neant,0
9,41,-1.45351,-0.749902,-1.63601,-1.09008,Neant,0
10,41,-0.778989,1.61277,0.219358,0.98925,Neant,0
11,41,-0.800064,0.163257,-0.0428548,-0.983624,Neant,0
12,41,0.151948,-0.933875,0.600945,0.468693,Neant,0
13,41,1.21791,-1.85586,0.0428397,-1.33265,Neant,0
14,41,-1.04836,-0.716269,-0.463881,0.303527,Neant,0
15,41,0.654161,-1.30615,-0.978923,-1.03265,Neant,0
16,41,-1.09455,2.37286,-0.151871,1.28486,Neant,0
17,41,0.739977,-0.0715313,0.282615,-0.423256,Neant,0
18,41,0.465296,-2.91824,-0.704705,0.949936,Neant,0
19,41,-0.5552,0.489806,-0.76457,-0.372205,Neant,0
20,41,1.80072,0.432735,1.46471,-0.589985,Neant,0
21,41,-0.209555,1.25689,0.45238,-0.446667,Neant,0
1,42,-0.0607189,0.251791,-1.50241,0.606457,Neant,0
2,42,1.05833,1.35544,-0.740628,1.95572,Neant,0
3,42,2.71764,-0.0493774,-0.740628,0.127259,Neant,0
4,42,0.52338,-0.149361,-1.01654,0.497284,Neant,0
5,42,0.731352,1.16938,-0.885589,0.444102,Neant,0
6,42,0.755448,1.56453,-1.13716,-0.488559,Neant,0
7,42,1.70975,-1.55218,-0.939611,1.06826,Neant,0
8,42,-0.0650532,1.82888,-1.69233,0.235009,Neant,0
9,42,0.692865,1.84098,-1.33754,-2.1145,Neant,0
10,42,1.68229,-0.0806556,-0.747791,0.326194,Neant,0
11,42,0.760738,1.02463,-1.38224,1.31892,Neant,0
12,42,2.19991,0.548457,-0.919414,-0.8155,Neant,0
13,42,2.35525,0.845667,-0.787562,0.151971,Neant,0
14,42,1.11832,-0.756368,-0.336315,2.08014,Neant,0
15,42,0.309478,0.419757,-1.61635,-0.294621,Neant,0
16,42,-1.0643,1.84155,-1.42799,-0.916668,Neant,0
17,42,1.02392,0.0865025,-2.11745,-0.277789,Neant,0
18,42,1.59976,0.0865025,-0.850529,0.937403,Neant,0
19,42,2.09497,0.226908,-0.760006,1.32624,Neant,0
20,42,1.09111,-0.119152,-1.70161,-0.119733,Neant,0
21,42,1.94614,-1.02975,-1.15453,0.674647,Neant,0
1,43,-0.24537,-0.0109836,0.469484,0.258279,Kissler,0
2,43,-0.0109212,-0.356426,0.449947,1.58334,Kissler,0
3,43,0.198712,-0.520403,0.336938,1.15413,Kissler,0
4,43,0.503056,1.32758,0.604401,-0.314041,Kissler,0
5,43,-0.183358,-0.980449,-0.100345,0.600528,Kissler,0
6,43,-0.264465,-0.40991,0.480432,0.202629,Kissler,0
7,43,-0.264465,-0.40815,0.0605429,-0.559911,Kissler,0
8,43,-0.170069,-1.15052,0.0605429,-0.637744,Kissler,0
9,43,-0.105091,-0.334535,0.388569,-0.0200652,Kissler,0
10,43,-0.179768,-0.368352,-0.320736,-1.46427,Kissler,0
11,43,0.442579,-0.417903,-0.612224,0.048481,Kissler,0
12,43,-0.0980144,0.145301,0.115669,-0.635644,Kissler,0
13,43,-0.896691,0.695948,0.271061,-1.00516,Kissler,0
14,43,-0.24046,-0.846119,-0.379186,-0.457096,Kissler,0
15,43,-0.352126,-1.24752,-0.328993,-0.530948,Kissler,0
16,43,-0.980437,-0.541691,-0.623366,-0.772893,Kissler,0
17,43,-1.11149,-1.23001,-0.621045,-1.06434,Kissler,0
18,43,0.372164,-0.99219,-0.231687,0.702021,Kissler,0
19,43,0.372164,1.09022,0.330576,0.554509,Kissler,0
20,43,-0.0974385,-0.756986,-0.105004,0.501759,Kissler,0
21,43,-0.211594,-1.28887,0.00835525,-0.116579,Kissler,0
1,44,0.259509,-1.19107,-0.725551,-0.935451,Kissler,0
2,44,0.330618,0.310842,-0.163847,0.29785,Kissler,0
3,44,-0.620578,-0.37314,0.0406087,0.264502,Kissler,0
4,44,1.1519,0.332101,0.560947,-0.441215,Kissler,0
5,44,1.82256,0.402619,0.560947,-0.441215,Kissler,0
6,44,1.14227,0.587857,0.0300734,-0.0039505,Kissler,0
7,44,1.61644,0.793989,-0.180263,-0.00830455,Kissler,0
8,44,1.23509,-0.284713,0.65189,0.833068,Kissler,0
9,44,0.328777,-0.785845,-0.146081,0.557868,Kissler,0
10,44,1.12323,0.00979027,0.350515,-0.309216,Kissler,0
11,44,1.12323,0.166527,-0.118377,-1.1898,Kissler,0
12,44,1.26799,0.166527,0.538157,-0.351734,Kissler,0
13,44,1.0532,0.745414,0.0576737,2.73287,Kissler,0
14,44,0.305356,-0.517642,0.0576737,-1.21836,Kissler,0
15,44,-0.872023,-0.130552,-0.136977,-1.65949,Kissler,0
16,44,1.65627,0.791328,0.6267,-1.40688,Kissler,0
17,44,1.49444,0.846116,0.570313,-0.639029,Kissler,0
18,44,1.49444,0.846116,0.213587,-1.10295,Kissler,0
19,44,0.790096,-0.679478,0.568966,1.09561,Kissler,0
20,44,1.49851,-0.250736,0.2018,0.224899,Kissler,0
21,44,0.666553,0.332265,-0.0737024,-2.07175,Kissler,0
1,45,0.906737,-0.27054,0.865164,-1.61935,Kissler,0
2,45,1.54466,-0.350778,2.22126,1.06359,Kissler,0
3,45,1.135,-0.490949,0.787071,-0.373813,Kissler,0
4,45,0.276868,-0.580428,0.357403,-1.59592,Kissler,0
5,45,-0.466399,-0.710789,0.887364,0.64862,Kissler,0
6,45,1.00588,0.072738,1.25838,-0.879737,Kissler,0
7,45,0.49697,-0.602676,0.529712,-1.3396,Kissler,0
8,45,0.115136,-1.32764,-0.102185,-0.414084,Kissler,0
9,45,0.283347,-1.05275,0.427022,-0.302221,Kissler,0
10,45,1.24185,-0.280443,2.00304,1.17073,Kissler,0
11,45,0.587046,0.280807,0.906824,-0.0687057,Kissler,0
12,45,0.587046,0.879834,1.70432,-1.28809,Kissler,0
13,45,0.570357,-0.78183,0.494614,1.07081,Kissler,0
14,45,0.681997,-0.904087,0.61733,0.342582,Kissler,0
15,45,0.502596,-1.24766,0.807172,1.56346,Kissler,0
16,45,0.582924,-1.24766,0.853639,1.00012,Kissler,0
17,45,0.476229,-0.678541,1.40011,-0.446265,Kissler,0
18,45,0.744254,-0.624934,0.851043,0.348886,Kissler,0
19,45,0.172543,-0.212435,0.244374,-0.68886,Kissler,0
20,45,1.2552,-1.59673,0.544591,0.654699,Kissler,0
21,45,0.359312,-1.84395,0.0762524,-1.07765,Kissler,0
1,46,0.363245,-0.992465,1.02674,-1.07934,Kissler,0
2,46,0.440743,-0.115048,0.665629,-2.01571,Kissler,0
3,46,1.01567,-0.14071,1.01179,-0.759256,Kissler,0
4,46,-0.0625869,-0.459849,0.255576,-0.140612,Kissler,0
5,46,1.37738,0.261679,1.17002,-0.749126,Kissler,0
6,46,1.19481,-0.0583408,0.540215,-0.559183,Kissler,0
7,46,1.44126,1.01783,1.76162,0.301552,Kissler,0
8,46,1.06029,0.264864,1.2636,-2.16174,Kissler,0
9,46,1.47902,0.399747,0.568127,-1.09779,Kissler,0
10,46,1.73835,0.33414,1.16691,-1.87397,Kissler,0
11,46,0.0440529,-0.184762,0.114123,0.568267,Kissler,0
12,46,0.968792,-0.238255,1.39432,0.172833,Kissler,0
13,46,1.3538,0.53361,1.4929,-1.94361,Kissler,0
14,46,1.39852,1.84859,1.96515,-1.94361,Kissler,0
15,46,-0.253795,0.966987,0.0433251,-1.64746,Kissler,0
16,46,0.606396,-0.591816,0.578117,-1.56506,Kissler,0
17,46,0.249542,0.114985,1.47514,-2.33174,Kissler,0
18,46,0.42021,-1.04147,0.0855264,-0.0340967,Kissler,0
19,46,1.24645,-0.836167,1.35382,1.1052,Kissler,0
20,46,1.08608,-1.14833,0.852674,-1.08594,Kissler,0
21,46,1.35829,-1.10038,-0.0437932,0.661977,Kissler,0
1,47,-0.10811,-2.18238,0.953542,-0.481675,Kissler,0
2,47,0.0657431,-0.486236,1.13285,-1.79597,Kissler,0
3,47,0.118502,-1.07513,0.877623,-0.697598,Kissler,0
4,47,-0.168012,-1.25367,0.669663,-1.81472,Kissler,0
5,47,0.525076,-1.88818,0.956597,0.36149,Kissler,0
6,47,0.150499,-1.60096,1.15709,0.130137,Kissler,0
7,47,0.208395,-1.29512,1.17401,0.249391,Kissler,0
8,47,0.284484,-1.44543,1.336,-0.154738,Kissler,0
9,47,0.0249747,-0.829115,2.16798,-0.226319,Kissler,0
10,47,0.440698,-0.29012,2.07709,-0.804947,Kissler,0
11,47,0.361081,0.159904,1.96896,-1.49184,Kissler,0
12,47,0.5478,-0.69448,1.83547,-1.00292,Kissler,0
13,47,0.216004,-0.793918,0.499694,-1.56214,Kissler,0
14,47,0.15308,-0.171123,1.3695,0.120549,Kissler,0
15,47,0.69704,-0.229187,1.4767,-2.19927,Kissler,0
16,47,0.832965,-2.00604,0.927239,-1.80532,Kissler,0
17,47,0.118917,-1.38606,0.133706,-1.95636,Kissler,0
18,47,0.706095,-0.716042,1.41734,0.390199,Kissler,0
19,47,-0.738729,-1.86381,-0.113642,0.209627,Kissler,0
20,47,-0.356707,-1.66644,0.458351,-2.44046,Kissler,0
21,47,0.8203,-0.822673,1.5489,-1.03862,Kissler,0
1,48,-2.84926,-0.972927,0.539904,0.46948,Kissler,0
2,48,-2.4948,0.433615,0.842007,-0.894344,Kissler,0
3,48,-2.32448,-0.791105,0.200405,-0.471721,Kissler,0
4,48,-2.32448,-1.26594,-0.296793,-0.461985,Kissler,0
5,48,-2.89467,-1.87543,-0.347077,-0.695851,Kissler,0
6,48,-3.00922,-1.0113,-0.0323609,-2.38258,Kissler,0
7,48,-0.709584,-0.55713,0.668798,-1.1707,Kissler,0
8,48,-2.22043,-0.685782,-0.0433275,-1.13938,Kissler,0
9,48,-1.84292,-1.48837,0.831533,0.145887,Kissler,0
10,48,-2.80885,-0.18046,0.847355,-0.139999,Kissler,0
11,48,-2.80885,-1.48874,0.477328,0.4456,Kissler,0
12,48,-2.67669,1.18165,1.21981,-0.579327,Kissler,0
13,48,-2.32984,0.769561,0.635583,-0.391186,Kissler,0
14,48,-2.18132,-0.389441,1.59348,1.2667,Kissler,0
15,48,-2.37925,1.43232,1.26459,-0.322409,Kissler,0
16,48,-2.37925,-1.18599,-0.554604,-0.68387,Kissler,0
17,48,-2.99965,-1.0948,-0.0632009,-1.25931,Kissler,0
18,48,-2.06525,1.18546,1.09505,0.767018,Kissler,0
19,48,-1.95747,-0.996891,0.638688,0.114938,Kissler,0
20,48,-2.50915,1.58466,0.905418,-0.373353,Kissler,0
21,48,-2.50915,0.134169,0.211409,2.03424,Kissler,0
1,49,1.38315,0.395879,1.28648,-0.162219,Kissler,0
2,49,0.0298924,0.708562,1.1057,0.465395,Kissler,0
3,49,0.984712,-0.646865,1.4825,0.595118,Kissler,0
4,49,0.339931,1.50469,0.131124,1.21286,Kissler,0
5,49,0.35027,0.418274,0.583747,-2.38791,Kissler,0
6,49,-0.173787,-0.894071,0.4922,-1.39347,Kissler,0
7,49,0.223745,-0.0403595,0.926175,2.4762,Kissler,0
8,49,0.223745,0.0320247,0.865007,-0.254335,Kissler,0
9,49,-0.373676,-0.340689,1.12391,0.704031,Kissler,0
10,49,-0.378877,-0.830639,-0.441567,-1.25172,Kissler,0
11,49,-0.363694,-0.234958,0.0443291,-0.443465,Kissler,0
12,49,-0.363694,-0.681643,0.77834,1.41571,Kissler,0
13,49,0.356027,-0.0323978,0.834621,0.689244,Kissler,0
14,49,0.356027,-0.0323978,0.834621,0.801557,Kissler,0
15,49,0.695955,-2.43787,-0.557379,0.19893,Kissler,0
16,49,0.828939,0.236341,1.44395,-2.69148,Kissler,0
17,49,0.0721968,0.0262567,1.41953,2.94199,Kissler,0
18,49,1.04947,0.456427,0.361248,-0.68413,Kissler,0
19,49,-0.186192,0.0814244,1.05164,-2.89818,Kissler,0
20,49,1.53528,-1.16367,1.03385,0.838665,Kissler,0
21,49,-0.32172,-0.169853,0.362153,-0.409319,Kissler,0
1,50,-0.34761,-0.730597,-0.26442,0.796088,Kissler,0
2,50,0.402038,-1.00431,0.2244,-1.18986,Kissler,0
3,50,0.284543,-1.41719,0.254208,0.9926,Kissler,0
4,50,-2.38756,-0.0742996,0.0835319,-0.220573,Kissler,0
5,50,-2.4274,-0.0742996,-0.122322,-0.220573,Kissler,0
6,50,-2.59305,0.0212322,-0.518467,0.611746,Kissler,0
7,50,-2.46674,-0.0330333,-0.567186,0.61507,Kissler,0
8,50,-2.07578,0.699671,-0.336382,0.00077947,Kissler,0
9,50,-2.68933,-0.00545002,-0.865103,-1.68086,Kissler,0
10,50,-2.37138,0.0086984,-0.477671,-0.932774,Kissler,0
11,50,-2.36632,0.321354,-0.551138,0.336839,Kissler,0
12,50,-2.00424,0.583948,-0.37006,0.717322,Kissler,0
13,50,-2.74741,-0.0804446,-0.399305,-0.494576,Kissler,0
14,50,-1.96792,0.252451,-0.124677,-0.498904,Kissler,0
15,50,-0.543682,0.43894,0.228486,0.0117756,Kissler,0
16,50,-0.202189,-0.405433,-0.128869,0.34043,Kissler,0
17,50,1.22281,-2.42966,-0.269908,-0.0969821,Kissler,0
18,50,1.01228,-0.760307,-0.20052,-1.98769,Kissler,0
19,50,-1.03078,-0.51948,-0.257872,0.291919,Kissler,0
20,50,-0.21221,-1.89983,-0.276315,0.455374,Kissler,0
21,50,-0.424525,0.208434,-0.0239237,-0.571853,Kissler,0
1,51,0.089009,0.553483,0.0997954,1.77689,Kissler,0
2,51,-0.277574,0.635927,0.715379,0.714396,Kissler,0
3,51,-0.64544,-1.15351,-0.23619,0.527767,Kissler,0
4,51,-0.731487,-1.61072,0.306114,1.44162,Kissler,0
5,51,-0.112339,0.787469,0.344585,0.300571,Kissler,0
6,51,-0.721087,-0.894006,-0.223792,0.16381,Kissler,0
7,51,0.530638,0.423543,0.882324,2.4262,Kissler,0
8,51,1.03565,-0.452751,0.72555,0.606318,Kissler,0
9,51,-0.0873088,-0.591387,0.0221845,1.20641,Kissler,0
10,51,-0.117626,-0.056983,0.622194,2.15388,Kissler,0
11,51,0.062987,0.533223,0.217117,-0.710069,Kissler,0
12,51,-1.31224,-1.11084,-0.914541,-1.49932,Kissler,0
13,51,-0.085883,-1.75103,0.637955,-0.131293,Kissler,0
14,51,-0.554546,0.224726,0.0842717,-0.581982,Kissler,0
15,51,-0.481805,-0.798829,0.0842717,-0.581982,Kissler,0
16,51,0.270587,-2.017,-0.62336,-0.509251,Kissler,0
17,51,1.20698,1.39299,0.650813,-1.63826,Kissler,0
18,51,-0.993381,-0.0235519,-0.148908,0.0523211,Kissler,0
19,51,-0.368402,-0.621511,-0.14864,-0.58913,Kissler,0
20,51,-0.704559,-0.621511,-0.991479,-1.64531,Kissler,0
21,51,-0.274087,-0.340333,-0.348983,0.311905,Kissler,0
1,52,-0.434867,-0.889159,0.242469,-0.973495,Wolfel,0
2,52,-0.739872,1.48857,1.02041,-0.41681,Wolfel,0
3,52,-0.0275579,-0.342091,0.397958,-1.01789,Wolfel,0
4,52,-0.884772,0.240143,0.382436,2.20451,Wolfel,0
5,52,-1.82656,-0.451124,0.280675,0.731514,Wolfel,0
6,52,0.367452,-1.61619,0.547779,0.0637621,Wolfel,0
7,52,0.545263,-1.92945,0.200138,0.719302,Wolfel,0
8,52,0.519007,-1.23906,0.573297,-1.5843,Wolfel,0
9,52,-1.93273,1.25702,0.200732,0.731554,Wolfel,0
10,52,0.103613,-1.20245,0.112227,-2.38612,Wolfel,0
11,52,-0.373172,1.0536,0.487481,-0.257455,Wolfel,0
12,52,1.21275,-2.20991,0.0233612,-2.27682,Wolfel,0
13,52,-0.966603,0.277598,0.353633,0.398283,Wolfel,0
14,52,0.25391,-1.06091,0.33506,0.556434,Wolfel,0
15,52,-1.18348,0.711687,0.749083,-0.41243,Wolfel,0
16,52,-0.625742,0.737923,0.515894,-0.422211,Wolfel,0
17,52,-0.214938,0.158737,0.674346,-0.0646844,Wolfel,0
18,52,-1.76883,0.692658,0.391104,1.66809,Wolfel,0
19,52,-1.33249,1.69524,0.445641,-0.214828,Wolfel,0
20,52,-1.24726,-0.875827,0.30413,0.600792,Wolfel,0
21,52,-0.553988,-1.45045,-0.0836239,-1.88107,Wolfel,0
1,53,-0.165319,0.719984,1.35649,-0.365774,Wolfel,0
2,53,1.27889,0.533289,1.14762,0.348782,Wolfel,0
3,53,0.019401,-0.114176,0.955716,2.25856,Wolfel,0
4,53,1.72301,-0.702051,1.74032,-0.883026,Wolfel,0
5,53,0.60508,0.14625,1.12608,-1.03495,Wolfel,0
6,53,0.342846,1.43484,1.24958,-1.42223,Wolfel,0
7,53,1.67408,0.851827,1.48947,-1.48853,Wolfel,0
8,53,1.04804,-0.59283,1.53158,-0.0503082,Wolfel,0
9,53,0.488534,1.77342,1.38728,1.75855,Wolfel,0
10,53,1.13528,-0.218195,1.6716,0.840515,Wolfel,0
11,53,1.13528,0.0214595,1.83615,-0.0132205,Wolfel,0
12,53,1.02017,-1.04312,1.6894,1.30502,Wolfel,0
13,53,1.80311,-0.272394,2.31167,1.05725,Wolfel,0
14,53,-1.5749,0.0648806,0.111669,0.140233,Wolfel,0
15,53,-0.878528,1.46993,0.540363,-0.592296,Wolfel,0
16,53,0.5997,0.695693,1.2639,1.92859,Wolfel,0
17,53,0.655906,2.31242,1.30513,0.352377,Wolfel,0
18,53,0.0570638,-0.19002,1.28147,0.821759,Wolfel,0
19,53,0.755025,0.707541,1.52517,-0.477331,Wolfel,0
20,53,-0.045447,-0.0746915,0.769052,0.99704,Wolfel,0
21,53,0.840707,-0.0497309,1.42729,-0.567591,Wolfel,0
1,54,-0.027838,0.214958,1.41759,-0.38775,Wolfel,0
2,54,0.75568,0.311596,1.26448,-0.182566,Wolfel,0
3,54,1.18532,-0.524391,0.865502,-0.701565,Wolfel,0
4,54,0.207728,0.254223,0.862179,0.534266,Wolfel,0
5,54,1.015,-0.841024,1.60806,-1.11751,Wolfel,0
6,54,-0.0598914,1.10528,1.12855,-0.524373,Wolfel,0
7,54,0.453466,-0.138273,1.31295,0.606007,Wolfel,0
8,54,0.480763,-1.09417,0.576398,-0.467495,Wolfel,0
9,54,0.063425,0.481922,0.900558,0.842662,Wolfel,0
10,54,0.864922,-0.223978,1.28231,-0.795004,Wolfel,0
11,54,0.155567,-0.644453,0.63693,-1.59632,Wolfel,0
12,54,-0.883273,-0.599935,0.510916,0.809862,Wolfel,0
13,54,0.152791,-1.10052,0.428279,-1.18375,Wolfel,0
14,54,0.368913,1.24832,1.09974,0.596874,Wolfel,0
15,54,0.347015,0.759427,1.19109,0.522475,Wolfel,0
16,54,-0.823593,-0.39395,0.295227,-0.710499,Wolfel,0
17,54,0.144152,-0.796899,0.495936,-1.75975,Wolfel,0
18,54,0.352367,-1.03266,0.745189,0.0723006,Wolfel,0
19,54,0.352367,-0.704756,0.963081,-0.179665,Wolfel,0
20,54,0.262982,-0.230361,0.451896,-0.512612,Wolfel,0
21,54,-0.284129,0.219365,0.510538,0.748052,Wolfel,0
1,55,0.712551,-1.58712,1.28842,-0.650392,Wolfel,0
2,55,-0.0304044,0.496009,1.19109,0.104671,Wolfel,0
3,55,0.310751,0.743907,1.74727,0.104671,Wolfel,0
4,55,1.62786,-0.867479,1.61911,-1.95678,Wolfel,0
5,55,-0.0243685,0.531613,1.66278,1.33293,Wolfel,0
6,55,-0.911479,0.422971,1.30269,-0.263866,Wolfel,0
7,55,-1.91992,0.30657,0.858634,-0.406542,Wolfel,0
8,55,-1.327,-0.13476,0.815067,0.213034,Wolfel,0
9,55,-0.276313,-0.658354,1.12101,-0.229558,Wolfel,0
10,55,0.802841,-1.88568,0.509912,0.0639459,Wolfel,0
11,55,0.823461,0.99261,2.06778,0.84491,Wolfel,0
12,55,-0.14957,0.99261,1.599,0.917049,Wolfel,0
13,55,1.15154,-1.66271,0.759955,0.0141959,Wolfel,0
14,55,-0.0647088,0.0839636,1.46184,-0.773748,Wolfel,0
15,55,-0.725854,1.37623,1.02073,0.240154,Wolfel,0
16,55,-0.0494118,0.891647,0.950935,-1.0081,Wolfel,0
17,55,0.144997,0.694532,2.28222,-0.843616,Wolfel,0
18,55,0.15584,1.42657,1.18865,0.758674,Wolfel,0
19,55,0.0984274,-0.892945,1.60949,0.593758,Wolfel,0
20,55,-1.92005,0.174852,0.56645,1.34563,Wolfel,0
21,55,-1.06917,0.170488,0.517528,0.689295,Wolfel,0
1,56,-0.239849,-0.296303,0.24988,1.97177,Wolfel,0
2,56,-0.416779,0.0420298,0.90225,0.519687,Wolfel,0
3,56,0.0492101,-0.0182755,0.407401,0.586924,Wolfel,0
4,56,-0.955868,-0.721694,0.340512,0.675018,Wolfel,0
5,56,0.528243,-0.397723,0.88129,0.736585,Wolfel,0
6,56,-0.589005,2.11841,0.610374,-0.650188,Wolfel,0
7,56,-0.416806,-0.245693,0.579417,1.54516,Wolfel,0
8,56,0.563755,0.625599,0.946694,0.428269,Wolfel,0
9,56,0.804072,0.367717,0.858707,0.256871,Wolfel,0
10,56,0.971355,0.00765444,1.43523,0.422014,Wolfel,0
11,56,-0.802151,-0.119898,0.195142,-0.708342,Wolfel,0
12,56,0.606923,-0.788635,0.802946,-0.206724,Wolfel,0
13,56,1.10305,-0.248221,1.18016,0.978835,Wolfel,0
14,56,1.02601,0.261346,1.35577,-0.488815,Wolfel,0
15,56,0.677184,0.457336,1.09594,0.07652,Wolfel,0
16,56,0.283358,0.338766,0.806949,0.230381,Wolfel,0
17,56,1.89798,-1.23891,0.760143,-0.674241,Wolfel,0
18,56,0.154342,0.395521,0.883244,-0.0875055,Wolfel,0
19,56,2.15968,0.395521,1.38451,0.70895,Wolfel,0
20,56,1.94867,-0.66226,1.24663,0.127139,Wolfel,0
21,56,1.21699,-0.459152,0.748901,-0.234017,Wolfel,0
1,57,-0.472141,0.86256,0.379642,-0.810107,Wolfel,0
2,57,0.768871,0.0372711,1.01285,-0.741393,Wolfel,0
3,57,0.554876,0.813308,1.02554,-1.39331,Wolfel,0
4,57,-0.763786,0.513386,0.76146,1.72406,Wolfel,0
5,57,-0.80918,-0.459352,0.195286,1.83976,Wolfel,0
6,57,0.815421,0.496642,0.621566,-0.351892,Wolfel,0
7,57,0.970784,1.40824,0.682634,0.703788,Wolfel,0
8,57,-1.24869,0.838408,0.557895,-0.205262,Wolfel,0
9,57,0.302967,-1.63888,-0.087014,0.0833715,Wolfel,0
10,57,-1.02845,-0.813018,-0.087014,-0.0471065,Wolfel,0
11,57,1.71701,-0.873202,0.864863,-0.807376,Wolfel,0
12,57,-0.259059,-0.806808,0.377248,1.36457,Wolfel,0
13,57,-0.503802,-0.892577,0.0403086,-1.33406,Wolfel,0
14,57,-0.00938995,-0.946924,0.217012,0.867687,Wolfel,0
15,57,-0.9513,0.860677,0.374492,0.51007,Wolfel,0
16,57,0.751787,-1.13654,0.357381,-1.79739,Wolfel,0
17,57,-0.246663,-1.09641,-0.0485506,0.0424014,Wolfel,0
18,57,-0.210423,0.307847,0.0772502,-2.42659,Wolfel,0
19,57,0.229123,1.43703,0.60198,-0.878196,Wolfel,0
20,57,-0.221387,1.78175,0.432248,1.06442,Wolfel,0
21,57,-0.555966,-0.153274,0.517308,0.709289,Wolfel,0
1,58,-1.35046,2.09352,-0.57717,-1.01066,Wolfel,0
2,58,0.374474,-0.980054,-0.584916,-0.813892,Wolfel,0
3,58,0.0334057,-0.206898,-0.583404,0.596331,Wolfel,0
4,58,-0.132504,-0.147608,-0.546459,0.291177,Wolfel,0
5,58,1.95899,0.204416,0.0421935,-1.16018,Wolfel,0
6,58,0.421406,0.884891,-0.216012,-1.07085,Wolfel,0
7,58,0.824976,0.493646,-0.2634,-0.0190677,Wolfel,0
8,58,0.644614,-0.28084,-0.397995,-1.25859,Wolfel,0
9,58,1.25067,-0.838713,-0.361281,0.704803,Wolfel,0
10,58,0.616225,-0.158636,-0.509413,-1.21054,Wolfel,0
11,58,1.41005,-1.82516,-0.880327,-0.774282,Wolfel,0
12,58,-0.593619,-0.579625,-0.641878,0.111082,Wolfel,0
13,58,0.0708752,0.295941,-0.340337,-1.12638,Wolfel,0
14,58,-0.0339278,0.670649,-0.340337,-0.484533,Wolfel,0
15,58,-0.00979234,0.406122,-0.406731,0.0365423,Wolfel,0
16,58,0.296201,1.08963,-0.284302,-0.143554,Wolfel,0
17,58,0.393368,-0.643103,-0.276151,-0.192763,Wolfel,0
18,58,-0.726846,1.51916,-0.427739,0.668242,Wolfel,0
19,58,-0.846348,-0.992569,-0.601577,1.56861,Wolfel,0
20,58,-2.33296,-0.993112,-0.90143,1.19411,Wolfel,0
21,58,-0.323123,-1.62989,-0.972487,-0.346999,Wolfel,0
1,59,1.48881,-0.666024,2.0718,-0.256883,Wolfel,0
2,59,-1.19649,1.60765,0.51848,0.0433779,Wolfel,0
3,59,1.54002,-1.22742,1.50868,-0.650185,Wolfel,0
4,59,0.595599,-0.143195,1.39331,-0.736108,Wolfel,0
5,59,-2.11553,-0.0756541,0.289083,-1.43455,Wolfel,0
6,59,-0.823835,0.314746,0.461349,0.508451,Wolfel,0
7,59,-0.351617,0.851983,0.839174,-0.946401,Wolfel,0
8,59,-0.770073,1.37249,1.0735,0.643789,Wolfel,0
9,59,1.93954,-0.672047,1.72689,-0.15885,Wolfel,0
10,59,0.179201,-1.55041,1.37217,-0.339048,Wolfel,0
11,59,-0.847123,-0.179472,0.530339,0.33192,Wolfel,0
12,59,0.412347,-0.853482,1.51163,0.306781,Wolfel,0
13,59,0.933476,-2.08133,0.879402,-0.0614012,Wolfel,0
14,59,0.54757,0.728616,1.5908,-1.15916,Wolfel,0
15,59,-0.830222,0.30894,0.764567,-0.189145,Wolfel,0
16,59,0.23391,-0.445957,0.678453,-1.3209,Wolfel,0
17,59,-0.237901,-0.720314,0.969691,0.32192,Wolfel,0
18,59,0.0502652,-0.310444,1.83075,0.481317,Wolfel,0
19,59,-0.384437,2.08772,1.62753,0.495966,Wolfel,0
20,59,1.26926,-0.0201688,1.64927,-0.286644,Wolfel,0
21,59,-0.867632,1.92175,0.637249,-0.173167,Wolfel,0
1,60,1.83924,0.0279128,2.35659,0.587958,Wolfel,0
2,60,0.656752,0.446847,1.1679,-0.648858,Wolfel,0
3,60,0.0383804,-2.22655,0.44287,0.181932,Wolfel,0
4,60,-0.0526052,-0.226072,1.43908,-0.415451,Wolfel,0
5,60,0.274406,0.421461,1.19282,-0.822664,Wolfel,0
6,60,0.514,1.04012,1.41796,-0.176756,Wolfel,0
7,60,0.476704,-1.1759,1.45567,1.01214,Wolfel,0
8,60,-0.14373,0.123875,0.890736,-0.93445,Wolfel,0
9,60,-0.14373,0.716755,0.957223,-1.44265,Wolfel,0
10,60,-0.480194,0.634972,0.759546,0.597422,Wolfel,0
11,60,-0.391838,0.640279,1.02428,1.06535,Wolfel,0
12,60,0.177423,0.487326,0.774885,-1.64885,Wolfel,0
13,60,1.94337,-1.00307,1.25134,-1.30872,Wolfel,0
14,60,-1.02019,-1.14384,0.00500115,-0.805584,Wolfel,0
15,60,-0.657678,0.99972,0.65678,0.442064,Wolfel,0
16,60,0.00540294,0.394157,0.65678,0.348215,Wolfel,0
17,60,0.501792,0.843984,1.1802,0.0391344,Wolfel,0
18,60,-0.113275,0.731391,1.27219,0.207091,Wolfel,0
19,60,0.956652,-0.995042,1.16401,-0.728464,Wolfel,0
20,60,-0.73648,0.591611,0.478683,-0.780041,Wolfel,0
21,60,-1.42713,-2.21718,-0.20161,1.24754,Wolfel,0
