ID,eta_tin_mean,eta_tin_mode,eta_beta_mean,eta_beta_mode,eta_delta_mean,eta_delta_mode,eta_p_mean,eta_p_mode,split,color,filter
1,-0.0504939,-0.0443304,0.138659,0.139191,0.555479,0.632475,0.0431487,0.0213691,All,#4682B4,0
2,-0.0154743,-5.54605e-05,0.0680006,-0.000864399,-0.591545,-0.479489,0.00982763,-0.00015489,All,#4682B4,0
3,-0.0623947,-0.0528669,-0.196996,-0.269323,0.894564,0.935282,-0.0538652,-0.0443856,All,#4682B4,0
4,-0.0135748,-0.0148038,-0.0170417,-0.0414284,0.405659,0.517341,-0.0199133,-0.00811642,All,#4682B4,0
5,0.017811,0.0221182,-0.0262421,0.0370744,0.266935,0.367531,0.0273505,0.0089251,All,#4682B4,0
6,-0.0257074,-0.0168488,-0.083003,-0.0481655,0.565314,0.56104,-0.0217877,-0.00920862,All,#4682B4,0
7,-0.00539643,0.0109073,-0.0398835,0.030185,-0.272405,-0.153795,-0.00247052,0.00679632,All,#4682B4,0
8,0.0120982,0.0103333,0.0671045,0.0587241,-1.2289,-1.07555,0.00739001,0.01273,All,#4682B4,0
9,-0.0303099,-0.0309026,-0.123632,-0.178242,0.124974,0.1622,-0.0143357,-0.0309044,All,#4682B4,0
10,0.0191247,0.0229407,0.130921,0.0749641,-0.625274,-0.518288,-0.00694992,0.0173706,All,#4682B4,0
11,0.0226201,0.00158714,-0.0996345,0.00444373,-0.12259,-0.0123646,-0.00212758,0.000935476,All,#4682B4,0
12,-0.0257597,-0.027082,0.0126211,-0.113637,0.382024,0.419256,-0.0293508,-0.0203999,All,#4682B4,0
13,0.0411589,0.0245135,0.158387,0.0607251,-0.146547,-0.184105,0.000671256,0.0143291,All,#4682B4,0
14,0.0466816,0.0405436,0.0460066,0.0920863,-0.295012,-0.244291,0.0301943,0.0228952,All,#4682B4,0
15,0.00830921,0.00926116,0.0565882,0.044083,-0.887143,-0.821427,0.0182385,0.0097355,All,#4682B4,0
16,-0.0206155,-0.0255393,0.0760024,0.0940693,-0.278069,-0.248068,0.0215311,0.0201091,All,#4682B4,0
17,-0.0666619,-0.047948,0.16542,0.139865,0.537241,0.528306,-0.0137668,0.0207311,All,#4682B4,0
18,-0.0391885,-0.0405889,-0.0935601,-0.194956,0.876027,0.827357,-0.035675,-0.0326928,All,#4682B4,0
19,0.0162952,-0.00214234,-0.0301203,-0.00906646,-0.48755,-0.467124,0.0142629,-0.00188754,All,#4682B4,0
20,0.0180886,0.00943127,0.0808274,0.0425118,-0.804229,-0.748128,0.0284096,0.0092467,All,#4682B4,0
21,0.0245497,0.0139947,0.078633,0.0410351,-0.281509,-0.27156,0.0170063,0.00927913,All,#4682B4,0
22,0.0220531,0.0210981,0.0747587,0.0397728,0.185702,0.259006,0.0438685,0.00941323,All,#4682B4,0
23,-0.0225556,-0.0272732,-0.117879,-0.125951,0.234574,0.286934,0.00302623,-0.0228,All,#4682B4,0
24,0.0180129,0.00200873,0.024392,0.0103816,-0.753326,-0.716162,0.00269284,0.00214684,All,#4682B4,0
25,0.0566962,0.0505178,0.189728,0.152622,-0.6617,-0.677332,0.0353635,0.0382324,All,#4682B4,0
26,0.00555625,-0.00420619,-0.0444515,-0.0114642,0.169791,0.166511,0.0282292,-0.00240041,All,#4682B4,0
27,0.00437501,0.0226019,0.0724695,0.146085,-1.66796,-1.4975,0.00900505,0.0336322,All,#4682B4,0
28,-0.0196335,-0.0240967,-0.0462489,-0.129335,-0.0999077,-0.0824932,-0.00943417,-0.0234932,All,#4682B4,0
29,-0.000459066,0.00849447,0.0406658,0.0370864,-0.803905,-0.705541,0.0243576,0.0080215,All,#4682B4,0
30,-0.0103555,0.00275501,0.0489055,0.0191142,-1.28389,-1.18302,-0.0328541,0.00401943,All,#4682B4,0
31,0.00345516,0.00404285,-0.0658788,0.0116479,-0.208975,-0.101807,0.00206735,0.00254497,All,#4682B4,0
32,0.0268526,0.00937145,0.0300352,0.0214791,0.154475,0.10847,0.00569029,0.0048718,All,#4682B4,0
33,0.00792694,0.016733,0.0984298,0.0568424,-0.516141,-0.490349,0.0243927,0.012857,All,#4682B4,0
34,0.0213111,0.0217305,0.0648811,0.0381173,0.273668,0.298047,0.013291,0.00900274,All,#4682B4,0
35,0.00655799,-0.00428353,0.0275694,-0.0110268,0.240549,0.238432,0.00185713,-0.00232913,All,#4682B4,0
36,0.0342513,0.0342218,0.122338,0.0616455,-0.775905,-0.687758,0.0505098,0.0141631,All,#4682B4,0
37,-0.00236582,-0.000435684,-0.029451,-0.00121472,0.21163,0.0274992,0.038718,-0.000260724,All,#4682B4,0
38,0.00137292,0.00740444,0.0827366,0.0151676,0.302028,0.333212,0.00675093,0.0034208,All,#4682B4,0
39,0.050804,0.0297201,0.149861,0.102399,-0.656155,-0.653579,-0.000677977,0.0241669,All,#4682B4,0
40,-0.0516947,-0.048744,-0.205838,-0.250103,0.866678,0.86688,-0.016139,-0.0413111,All,#4682B4,0
41,0.00101316,-0.0111311,-0.0622942,-0.0395928,-0.0587402,-0.00951877,-0.0253294,-0.00790737,All,#4682B4,0
42,0.0642232,0.0566005,0.249755,0.176386,-0.785951,-0.77297,0.0313857,0.0446464,All,#4682B4,0
43,0.000420704,0.00505284,-0.265357,-0.244006,-0.00401343,0.0235132,0.0033298,-0.0370133,All,#4682B4,0
44,0.0629031,0.0803021,-0.0195902,-0.0130013,0.070407,0.17071,-0.0158317,-0.00104703,All,#4682B4,0
45,0.0494416,0.0452183,-0.189909,-0.295638,0.708875,0.624197,-0.0191006,-0.0532239,All,#4682B4,0
46,0.0601146,0.0821529,-0.0562263,-0.127645,0.550177,0.661513,-0.053072,-0.018548,All,#4682B4,0
47,0.00721117,0.000417778,-0.437274,-0.45719,0.736604,0.686384,-0.0890035,-0.0783748,All,#4682B4,0
48,-0.156786,-0.180443,-0.187052,-0.280922,0.429165,0.28667,-0.0412087,-0.0489024,All,#4682B4,0
49,0.0195195,0.00759844,0.100585,0.0524985,0.549882,0.557188,0.0299244,0.00927884,All,#4682B4,0
50,-0.0971498,-0.149862,-0.0776416,0.0826005,-0.144424,-0.131003,-0.00173891,0.0120262,All,#4682B4,0
51,-0.00806251,-0.0226066,-0.0105889,-0.0662159,0.136026,0.137761,-0.0034816,-0.00833668,All,#4682B4,0
52,-0.0494988,-0.0368319,-0.133751,-0.221582,0.281928,0.340718,-0.0162495,-0.0374516,All,#4682B4,0
53,0.0334869,0.0261683,0.0660396,0.0379345,0.835723,0.827623,0.0533573,0.00878849,All,#4682B4,0
54,-0.0130339,-0.0268335,-0.100676,-0.107792,0.507946,0.521499,-0.0142476,-0.0192846,All,#4682B4,0
55,-0.000895233,-0.00394323,0.0413516,-0.00785011,0.942642,0.924339,0.0195245,-0.00160996,All,#4682B4,0
56,0.0421602,0.0487237,0.0190869,0.0571259,0.518011,0.615739,0.0314731,0.0151646,All,#4682B4,0
57,-0.0142712,-0.0202614,0.0167256,-0.0729099,0.279141,0.324703,-0.0118431,-0.0137632,All,#4682B4,0
58,0.0170719,-0.000918718,0.0285844,-0.00347673,-0.314946,-0.317551,-0.00572118,-0.000728816,All,#4682B4,0
59,0.00180489,-0.0275169,-0.127976,-0.122544,0.747567,0.622244,-0.0156624,-0.0213165,All,#4682B4,0
60,0.00641337,-0.0119194,0.0369796,-0.0308209,0.653396,0.594459,-0.000956915,-0.00612406,All,#4682B4,0
