beta_vs_delta_abscissa,beta_vs_delta_spline,beta_vs_delta_regression,beta_vs_p_abscissa,beta_vs_p_spline,beta_vs_p_regression,beta_vs_tin_abscissa,beta_vs_tin_spline,beta_vs_tin_regression,delta_vs_beta_abscissa,delta_vs_beta_spline,delta_vs_beta_regression,delta_vs_p_abscissa,delta_vs_p_spline,delta_vs_p_regression,delta_vs_tin_abscissa,delta_vs_tin_spline,delta_vs_tin_regression,p_vs_beta_abscissa,p_vs_beta_spline,p_vs_beta_regression,p_vs_delta_abscissa,p_vs_delta_spline,p_vs_delta_regression,p_vs_tin_abscissa,p_vs_tin_spline,p_vs_tin_regression,tin_vs_beta_abscissa,tin_vs_beta_spline,tin_vs_beta_regression,tin_vs_delta_abscissa,tin_vs_delta_spline,tin_vs_delta_regression,tin_vs_p_abscissa,tin_vs_p_spline,tin_vs_p_regression
-2.66476,-0.161482,-0.0138174,-0.503445,0.206452,-0.0371795,-0.215348,-0.363039,-0.0274659,-1.25549,0.186977,-0.0169681,-0.503445,0.286609,0.036626,-0.215348,-0.0820573,-0.0933158,-1.25549,0.00367232,-0.00952514,-2.66476,0.0263188,0.0111005,-0.215348,-0.130597,0.0228282,-1.25549,0.0145953,-0.00248202,-2.66476,0.00808014,-0.0103659,-0.503445,0.0397918,0.0156943
-2.62052,-0.171719,-0.0136478,-0.493407,0.148198,-0.0365134,-0.211122,-0.275028,-0.0270038,-1.23041,0.158659,-0.0166459,-0.493407,0.240434,0.0358818,-0.211122,-0.0587643,-0.0915259,-1.23041,0.00769534,-0.00928344,-2.62052,0.0222614,0.0109583,-0.211122,-0.0837022,0.0224353,-1.23041,0.00784707,-0.00237384,-2.62052,0.0081118,-0.0101453,-0.493407,0.0329084,0.0154408
-2.57628,-0.181956,-0.0134782,-0.483368,0.089944,-0.0358472,-0.206895,-0.191143,-0.0265417,-1.20533,0.13034,-0.0163237,-0.483368,0.19426,0.0351376,-0.206895,-0.0373613,-0.0897361,-1.20533,0.0117184,-0.00904174,-2.57628,0.018204,0.0108162,-0.206895,-0.0398212,0.0220425,-1.20533,0.0010988,-0.00226567,-2.57628,0.00814345,-0.0099247,-0.483368,0.0260251,0.0151874
-2.53205,-0.192193,-0.0133086,-0.47333,0.0316898,-0.0351811,-0.202669,-0.129967,-0.0260797,-1.18025,0.102021,-0.0160015,-0.47333,0.148085,0.0343934,-0.202669,-0.0258725,-0.0879463,-1.18025,0.0157414,-0.00880003,-2.53205,0.0141466,0.010674,-0.202669,-0.0122122,0.0216496,-1.18025,-0.00564948,-0.00215749,-2.53205,0.0081751,-0.00970411,-0.47333,0.0191417,0.0149339
-2.48781,-0.202431,-0.0131389,-0.463291,-0.0265644,-0.034515,-0.198442,-0.08365,-0.0256176,-1.15517,0.0737023,-0.0156794,-0.463291,0.10191,0.0336492,-0.198442,-0.0201466,-0.0861565,-1.15517,0.0197644,-0.00855833,-2.48781,0.0100892,0.0105319,-0.198442,0.00521694,0.0212567,-1.15517,-0.0123978,-0.00204931,-2.48781,0.00820676,-0.00948352,-0.463291,0.0122583,0.0146804
-2.44358,-0.212668,-0.0129693,-0.453253,-0.0848186,-0.0338488,-0.194216,-0.0478971,-0.0251555,-1.13009,0.0453836,-0.0153572,-0.453253,0.0557353,0.0329051,-0.194216,-0.0180308,-0.0843667,-1.13009,0.0237874,-0.00831663,-2.44358,0.00603173,0.0103897,-0.194216,0.0157226,0.0208639,-1.13009,-0.019146,-0.00194114,-2.44358,0.00823841,-0.00926293,-0.453253,0.00537492,0.0144269
-2.39934,-0.222905,-0.0127997,-0.443214,-0.143073,-0.0331827,-0.189989,-0.0236669,-0.0246934,-1.10501,0.0361668,-0.015035,-0.443214,0.00956057,0.0321609,-0.189989,-0.0191453,-0.0825769,-1.10501,0.0232021,-0.00807493,-2.39934,0.00197431,0.0102476,-0.189989,0.0191331,0.020471,-1.10501,-0.0213487,-0.00183296,-2.39934,0.00827006,-0.00904234,-0.443214,-0.00150846,0.0141735
-2.3551,-0.233142,-0.0126301,-0.433176,-0.156656,-0.0325165,-0.185763,-0.00691554,-0.0242314,-1.07994,0.0309774,-0.0147128,-0.433176,-0.00627005,0.0314167,-0.185763,-0.021817,-0.080787,-1.07994,0.0216452,-0.00783323,-2.3551,-0.00208311,0.0101054,-0.185763,0.0182863,0.0200782,-1.07994,-0.0225931,-0.00172478,-2.3551,0.00830172,-0.00882175,-0.433176,-0.00347891,0.01392
-2.31087,-0.243379,-0.0124605,-0.423137,-0.161164,-0.0318504,-0.181536,0.00114288,-0.0237693,-1.05486,0.025788,-0.0143906,-0.423137,-0.0159363,0.0306725,-0.181536,-0.0250218,-0.0789972,-1.05486,0.0200882,-0.00759152,-2.31087,-0.00614054,0.00996325,-0.181536,0.0133152,0.0196853,-1.05486,-0.0238374,-0.00161661,-2.31087,0.00833337,-0.00860116,-0.423137,-0.0044513,0.0136665
-2.26663,-0.240496,-0.0122908,-0.413099,-0.160329,-0.0311843,-0.17731,0.00502758,-0.0233072,-1.02978,0.0228649,-0.0140684,-0.413099,-0.0217813,0.0299283,-0.17731,-0.027526,-0.0772074,-1.02978,0.0178352,-0.00734982,-2.26663,-0.00857019,0.00982109,-0.17731,0.00698085,0.0192925,-1.02978,-0.0243407,-0.00150843,-2.26663,0.00743425,-0.00838057,-0.413099,-0.00477427,0.013413
-2.2224,-0.221702,-0.0121212,-0.40306,-0.145866,-0.0305181,-0.173083,0.00493157,-0.0228451,-1.0047,0.0240306,-0.0137462,-0.40306,-0.0177987,0.0291841,-0.173083,-0.0278129,-0.0754176,-1.0047,0.0142447,-0.00710812,-2.2224,-0.00902577,0.00967894,-0.173083,0.000345766,0.0188996,-1.0047,-0.0233965,-0.00140025,-2.2224,0.00540633,-0.00815998,-0.40306,-0.00341465,0.0131595
-2.17816,-0.198965,-0.0119516,-0.393022,-0.131403,-0.029852,-0.168857,0.00307841,-0.022383,-0.979619,0.0259098,-0.013424,-0.393022,-0.0138162,0.0284399,-0.168857,-0.0248033,-0.0736278,-0.979619,0.0101608,-0.00686642,-2.17816,-0.00889573,0.00953678,-0.168857,-0.00492191,0.0185068,-0.979619,-0.0218483,-0.00129208,-2.17816,0.00317845,-0.00793939,-0.393022,-0.00205502,0.0129061
-2.13392,-0.174981,-0.011782,-0.382984,-0.115122,-0.0291858,-0.16463,0.000571972,-0.021921,-0.95454,0.0277759,-0.0131018,-0.382984,-0.00833041,0.0276957,-0.16463,-0.0178157,-0.071838,-0.95454,0.00570796,-0.00662472,-2.13392,-0.00858029,0.00939463,-0.16463,-0.00777215,0.0181139,-0.95454,-0.0198004,-0.0011839,-2.13392,0.000887267,-0.0077188,-0.382984,-0.000409017,0.0126526
-2.08969,-0.148113,-0.0116124,-0.372945,-0.0935201,-0.0285197,-0.160404,-0.00227277,-0.0214589,-0.929461,0.0290514,-0.0127796,-0.372945,0.00155271,0.0269515,-0.160404,-0.00819401,-0.0700481,-0.929461,0.00116585,-0.00638302,-2.08969,-0.00775151,0.00925248,-0.160404,-0.00870647,0.017721,-0.929461,-0.0175798,-0.00107572,-2.08969,-0.00148043,-0.00749822,-0.372945,0.00207465,0.0123991
-2.04545,-0.120364,-0.0114427,-0.362907,-0.0720785,-0.0278536,-0.156178,-0.00533634,-0.0209968,-0.904382,0.0276749,-0.0124574,-0.362907,0.01173,0.0262073,-0.156178,0.00320588,-0.0682583,-0.904382,-0.0034439,-0.00614131,-2.04545,-0.00670395,0.00911032,-0.156178,-0.00802409,0.0173282,-0.904382,-0.0150343,-0.000967546,-2.04545,-0.0038202,-0.00727763,-0.362907,0.00467056,0.0121456
-2.00122,-0.0920571,-0.0112731,-0.352868,-0.0508921,-0.0271874,-0.151951,-0.00850853,-0.0205347,-0.879303,0.0236517,-0.0121352,-0.352868,0.022377,0.0254631,-0.151951,0.0156631,-0.0664685,-0.879303,-0.00793294,-0.00589961,-2.00122,-0.00537853,0.00896817,-0.151951,-0.00565106,0.0169353,-0.879303,-0.0124187,-0.000859369,-2.00122,-0.00602751,-0.00705704,-0.352868,0.00744565,0.0118922
-1.95698,-0.0637505,-0.0111035,-0.34283,-0.0316272,-0.0265213,-0.147725,-0.0116256,-0.0200727,-0.854224,0.0188506,-0.011813,-0.34283,0.0322778,0.0247189,-0.147725,0.0279464,-0.0646787,-0.854224,-0.0123607,-0.00565791,-1.95698,-0.00405312,0.00882601,-0.147725,-0.00229263,0.0165425,-0.854224,-0.00981738,-0.000751192,-1.95698,-0.00823483,-0.00683645,-0.34283,0.0101896,0.0116387
-1.91274,-0.0380115,-0.0109339,-0.332791,-0.0164538,-0.0258551,-0.143498,-0.0145459,-0.0196106,-0.829145,0.00779966,-0.0114908,-0.332791,0.0402706,0.0239747,-0.143498,0.0390927,-0.0628889,-0.829145,-0.016236,-0.00541621,-1.91274,-0.00258622,0.00868386,-0.143498,0.00195997,0.0161496,-0.829145,-0.00741234,-0.000643015,-1.91274,-0.00988074,-0.00661586,-0.332791,0.0127644,0.0113852
-1.86851,-0.0123228,-0.0107643,-0.322753,-0.00681094,-0.025189,-0.139272,-0.0171229,-0.0191485,-0.804066,-0.00791907,-0.0111686,-0.322753,0.0453619,0.0232305,-0.139272,0.048048,-0.0610991,-0.804066,-0.0196054,-0.00517451,-1.86851,-0.00111655,0.0085417,-0.139272,0.0067201,0.0157568,-0.804066,-0.00527976,-0.000534838,-1.86851,-0.0115157,-0.00639527,-0.322753,0.0150066,0.0111317
-1.82427,0.0132557,-0.0105946,-0.312714,-0.00355835,-0.0245229,-0.135045,-0.0193367,-0.0186864,-0.778987,-0.0298791,-0.0108464,-0.312714,0.0469498,0.0224863,-0.135045,0.0536973,-0.0593092,-0.778987,-0.0222394,-0.0049328,-1.82427,0.000350359,0.00839955,-0.135045,0.011667,0.0153639,-0.778987,-0.0035914,-0.000426661,-1.82427,-0.0131337,-0.00617468,-0.312714,0.016816,0.0108783
-1.78003,0.0328401,-0.010425,-0.302676,-0.00847594,-0.0238567,-0.130819,-0.0228548,-0.0182244,-0.753908,-0.0576855,-0.0105242,-0.302676,0.0438748,0.0217421,-0.130819,0.0529887,-0.0575194,-0.753908,-0.0239858,-0.0046911,-1.78003,0.00159676,0.0082574,-0.130819,0.0163511,0.014971,-0.753908,-0.00238469,-0.000318485,-1.78003,-0.0138953,-0.00595409,-0.302676,0.0180178,0.0106248
-1.7358,0.0507007,-0.0102554,-0.292637,-0.0199421,-0.0231906,-0.126592,-0.0309333,-0.0177623,-0.728829,-0.0857324,-0.010202,-0.292637,0.0361588,0.0209979,-0.126592,0.040802,-0.0557296,-0.728829,-0.0244039,-0.0044494,-1.7358,0.00275437,0.00811524,-0.126592,0.0201862,0.0145782,-0.728829,-0.00129588,-0.000210308,-1.7358,-0.0144315,-0.0057335,-0.292637,0.0185077,0.0103713
-1.69156,0.0644327,-0.0100858,-0.282599,-0.0346556,-0.0225244,-0.122366,-0.0469976,-0.0173002,-0.70375,-0.105438,-0.00987983,-0.282599,0.024147,0.0202537,-0.122366,0.0119009,-0.0539398,-0.70375,-0.0228539,-0.0042077,-1.69156,0.00366764,0.00797309,-0.122366,0.0225641,0.0141853,-0.70375,0.000256407,-0.000102131,-1.69156,-0.0144539,-0.00551291,-0.282599,0.0181535,0.0101178
-1.64733,0.0729226,-0.00991617,-0.27256,-0.0490797,-0.0218583,-0.118139,-0.0738579,-0.0168381,-0.678671,-0.107927,-0.00955763,-0.27256,0.008357,0.0195095,-0.118139,-0.0378066,-0.05215,-0.678671,-0.0187169,-0.003966,-1.64733,0.00424826,0.00783093,-0.118139,0.0229872,0.0137925,-0.678671,0.00287713,6.04596e-06,-1.64733,-0.0138426,-0.00529232,-0.27256,0.0168497,0.00986434
-1.60309,0.0752836,-0.00974655,-0.262522,-0.0600814,-0.0211922,-0.113913,-0.112185,-0.016376,-0.653592,-0.0856608,-0.00923544,-0.262522,-0.0105336,0.0187653,-0.113913,-0.109539,-0.0503601,-0.653592,-0.0115269,-0.00372429,-1.60309,0.00440885,0.00768878,-0.113913,0.0212479,0.0133996,-0.653592,0.00708466,0.000114223,-1.60309,-0.0125158,-0.00507173,-0.262522,0.0145573,0.00961087
-1.55885,0.0722472,-0.00957693,-0.252483,-0.0645607,-0.020526,-0.109686,-0.144322,-0.015914,-0.628513,-0.0316984,-0.00891324,-0.252483,-0.0322072,0.0180211,-0.109686,-0.176539,-0.0485703,-0.628513,-0.0010524,-0.00348259,-1.55885,0.0041827,0.00754663,-0.109686,0.0198602,0.0130068,-0.628513,0.0132314,0.0002224,-1.55885,-0.0105729,-0.00485114,-0.252483,0.0111494,0.00935739
-1.51462,0.061945,-0.00940731,-0.242445,-0.0596833,-0.0198599,-0.10546,-0.14945,-0.0154519,-0.603434,0.0300147,-0.00859105,-0.242445,-0.0514966,0.0172769,-0.10546,-0.206748,-0.0467805,-0.603434,0.00674012,-0.00324089,-1.51462,0.0034201,0.00740447,-0.10546,0.0218499,0.0126139,-0.603434,0.018016,0.000330577,-1.51462,-0.00781371,-0.00463055,-0.242445,0.00730997,0.00910391
-1.47038,0.0446095,-0.00923769,-0.232406,-0.0469801,-0.0191937,-0.101233,-0.115926,-0.0149898,-0.578354,0.0535105,-0.00826885,-0.232406,-0.0520846,0.0165327,-0.101233,-0.180879,-0.0449907,-0.578354,0.00154861,-0.00299919,-1.47038,0.00211326,0.00726232,-0.101233,0.0278615,0.0122211,-0.578354,0.0155435,0.000438753,-1.47038,-0.00428213,-0.00440996,-0.232406,0.00586224,0.00885043
-1.42615,0.0219162,-0.00906807,-0.222368,-0.0280413,-0.0185276,-0.097007,-0.0564067,-0.0145277,-0.553275,0.0247211,-0.00794666,-0.222368,-0.0161245,0.0157885,-0.097007,-0.112417,-0.0432009,-0.553275,-0.0159591,-0.00275749,-1.42615,0.000136181,0.00712016,-0.097007,0.0326719,0.0118282,-0.553275,0.00536656,0.00054693,-1.42615,-0.000309945,-0.00418937,-0.222368,0.00984858,0.00859696
-1.38191,-0.00071801,-0.00889845,-0.212329,-0.0115993,-0.0178615,-0.0927805,0.0108563,-0.0140657,-0.528196,-0.0214626,-0.00762446,-0.212329,0.0385949,0.0150443,-0.0927805,-0.022692,-0.0414111,-0.528196,-0.026759,-0.00251578,-1.38191,-0.00257107,0.00697801,-0.0927805,0.0299556,0.0114353,-0.528196,-0.00422502,0.000655107,-1.38191,0.00323471,-0.00396878,-0.212329,0.0167297,0.00834348
-1.33767,-0.0179099,-0.00872883,-0.202291,-0.0158288,-0.0171953,-0.088554,0.0666506,-0.0136036,-0.503117,-0.0401098,-0.00730227,-0.202291,0.0545885,0.0143001,-0.088554,0.0630379,-0.0396212,-0.503117,-0.00961623,-0.00227408,-1.33767,-0.00610885,0.00683586,-0.088554,0.0159804,0.0110425,-0.503117,-0.00357099,0.000763284,-1.33767,0.00546583,-0.00374819,-0.202291,0.0177178,0.00809
-1.29344,-0.0243353,-0.00855921,-0.192252,-0.0451432,-0.0165292,-0.0843275,0.0834876,-0.0131415,-0.478038,0.00132044,-0.00698007,-0.192252,0.00437055,0.0135559,-0.0843275,0.0896438,-0.0378314,-0.478038,0.0158513,-0.00203238,-1.29344,-0.0105598,0.0066937,-0.0843275,0.00459508,0.0106496,-0.478038,0.00381648,0.000871461,-1.29344,0.00551664,-0.0035276,-0.192252,0.00850897,0.00783653
-1.2492,-0.0151925,-0.00838959,-0.182214,-0.0583177,-0.015863,-0.0801011,0.0372848,-0.0126794,-0.452959,0.0876395,-0.00665787,-0.182214,-0.0276537,0.0128117,-0.0801011,0.00167523,-0.0360416,-0.452959,-0.0124065,-0.00179068,-1.2492,-0.0158798,0.00655155,-0.0801011,0.0135552,0.0102568,-0.452959,-0.00145059,0.000979638,-1.2492,0.00260159,-0.00330701,-0.182214,0.00161246,0.00758305
-1.20497,0.00300287,-0.00821997,-0.172175,-0.0246149,-0.0151969,-0.0758746,-0.00271162,-0.0122173,-0.42788,0.104065,-0.00633568,-0.172175,0.0342631,0.0120675,-0.0758746,-0.102728,-0.0342518,-0.42788,-0.0282794,-0.00154898,-1.20497,-0.0197653,0.00640939,-0.0758746,0.0226456,0.00986391,-0.42788,-0.00618212,0.00108781,-1.20497,-0.00216849,-0.00308642,-0.172175,0.00788294,0.00732957
-1.16073,0.0143998,-0.00805035,-0.162137,-0.0294133,-0.0145308,-0.0716481,0.0470863,-0.0117553,-0.402801,-0.0340657,-0.00601348,-0.162137,0.0789016,0.0113233,-0.0716481,-0.0733041,-0.032462,-0.402801,-0.000598826,-0.00130728,-1.16073,-0.0179387,0.00626724,-0.0716481,0.00375642,0.00947106,-0.402801,-0.0024412,0.00119599,-1.16073,-0.00613245,-0.00286583,-0.162137,0.00796712,0.00707609
-1.11649,0.00362697,-0.00788073,-0.152099,-0.0530475,-0.0138646,-0.0674217,0.0881591,-0.0112932,-0.377722,-0.121809,-0.00569129,-0.152099,0.0656629,0.0105791,-0.0674217,0.0269225,-0.0306722,-0.377722,0.00526997,-0.00106557,-1.11649,-0.00633217,0.00612509,-0.0674217,-0.00378168,0.0090782,-0.377722,-0.00595261,0.00130417,-1.11649,-0.00664657,-0.00264524,-0.152099,0.000768381,0.00682262
-1.07226,-0.0205744,-0.00771111,-0.14206,0.0238834,-0.0131985,-0.0631952,0.070854,-0.0108311,-0.352643,0.0593159,-0.00536909,-0.14206,0.0840277,0.00983494,-0.0631952,0.0617508,-0.0288823,-0.352643,-0.00441792,-0.000823871,-1.07226,0.011296,0.00598293,-0.0631952,0.00963918,0.00868534,-0.352643,-0.00996641,0.00141235,-1.07226,-0.00394699,-0.00242465,-0.14206,0.00307034,0.00656914
-1.02802,-0.0262609,-0.00754149,-0.132022,0.101245,-0.0125323,-0.0589687,0.0408056,-0.010369,-0.327564,-0.027109,-0.0050469,-0.132022,0.0835695,0.00909074,-0.0589687,-0.0678685,-0.0270925,-0.327564,-0.0118304,-0.00058217,-1.02802,0.0238008,0.00584078,-0.0589687,0.00714939,0.00829249,-0.327564,0.0107907,0.00152052,-1.02802,-0.000910869,-0.00220406,-0.132022,0.00457848,0.00631566
-0.983786,0.0109944,-0.00737187,-0.121983,-0.0179495,-0.0118662,-0.0547423,-0.0195387,-0.00990696,-0.302485,0.000610985,-0.0047247,-0.121983,-0.0425556,0.00834655,-0.0547423,0.00464145,-0.0253027,-0.302485,-0.0175688,-0.000340468,-0.983786,0.021335,0.00569862,-0.0547423,0.00190761,0.00789963,-0.302485,-0.00823915,0.0016287,-0.983786,0.000107081,-0.00198347,-0.121983,0.0115902,0.00606218
-0.93955,0.0565479,-0.00720225,-0.111945,-0.0518375,-0.0112001,-0.0505158,0.0107052,-0.00944489,-0.277406,0.0531385,-0.0044025,-0.111945,0.0234572,0.00760235,-0.0505158,-0.0201362,-0.0235129,-0.277406,-0.00497557,-9.87658e-05,-0.93955,0.00597011,0.00555647,-0.0505158,0.00237325,0.00750677,-0.277406,-0.000636784,0.00173688,-0.93955,0.00180618,-0.00176288,-0.111945,0.0110431,0.00580871
-0.895314,0.0545637,-0.00703263,-0.101906,-0.0783864,-0.0105339,-0.0462893,0.0485132,-0.00898281,-0.252327,0.048138,-0.00408031,-0.101906,0.0775555,0.00685815,-0.0462893,-0.0954912,-0.0217231,-0.252327,-0.00948279,0.000142936,-0.895314,-0.0148941,0.00541432,-0.0462893,0.0223488,0.00711392,-0.252327,0.0141446,0.00184505,-0.895314,0.00855848,-0.00154229,-0.101906,0.00322754,0.00555523
-0.851078,0.00408312,-0.00686301,-0.0918676,0.0179972,-0.00986778,-0.0420628,-0.0266088,-0.00852073,-0.227248,-0.0650383,-0.00375811,-0.0918676,0.0292035,0.00611396,-0.0420628,-0.184977,-0.0199333,-0.227248,0.00754783,0.000384638,-0.851078,-0.02412,0.00527216,-0.0420628,0.0290287,0.00672106,-0.227248,-0.0148748,0.00195323,-0.851078,0.016802,-0.0013217,-0.0918676,0.014727,0.00530175
-0.806841,-0.0287806,-0.00669339,-0.0818291,0.0526033,-0.00920164,-0.0378364,0.00117241,-0.00805865,-0.202169,-0.140796,-0.00343592,-0.0818291,-0.0517779,0.00536976,-0.0378364,-0.231193,-0.0181434,-0.202169,0.023305,0.00062634,-0.806841,0.00361011,0.00513001,-0.0378364,0.000936495,0.00632821,-0.202169,0.0164543,0.00206141,-0.806841,0.0142587,-0.00110111,-0.0818291,0.00387924,0.00504828
-0.762605,-0.0172514,-0.00652377,-0.0717907,0.00265507,-0.0085355,-0.0336099,0.00459281,-0.00759658,-0.17709,-0.0962737,-0.00311372,-0.0717907,-0.0491809,0.00462556,-0.0336099,0.037587,-0.0163536,-0.17709,0.0116098,0.000868042,-0.762605,0.0365592,0.00498785,-0.0336099,-0.00490565,0.00593535,-0.17709,0.00700606,0.00216958,-0.762605,0.0064951,-0.000880525,-0.0717907,0.00155108,0.0047948
-0.718369,-0.00398531,-0.00635415,-0.0617522,0.0578223,-0.00786936,-0.0293834,-0.0745394,-0.0071345,-0.152011,-0.0747083,-0.00279153,-0.0617522,0.0384152,0.00388137,-0.0293834,0.0229024,-0.0145638,-0.152011,0.0232496,0.00110974,-0.718369,0.0136451,0.0048457,-0.0293834,0.0115201,0.00554249,-0.152011,-0.0104544,0.00227776,-0.718369,0.0102565,-0.000659935,-0.0617522,-0.00810768,0.00454132
-0.674133,-0.0227605,-0.00618453,-0.0517137,0.0172028,-0.00720322,-0.025157,-0.0560686,-0.00667242,-0.126932,-0.0247415,-0.00246933,-0.0517137,0.0472972,0.00313717,-0.025157,-0.0708817,-0.012774,-0.126932,0.00399337,0.00135145,-0.674133,0.00414643,0.00470354,-0.025157,0.00445728,0.00514964,-0.126932,-0.00868563,0.00238594,-0.674133,0.00539865,-0.000439346,-0.0517137,-0.00582922,0.00428784
-0.629897,-0.0382828,-0.00601491,-0.0416752,0.0162444,-0.00653708,-0.0209305,0.00689387,-0.00621035,-0.101853,0.0966302,-0.00214714,-0.0416752,-0.0404312,0.00239297,-0.0209305,-0.0893632,-0.0109842,-0.101853,0.0147188,0.00159315,-0.629897,0.0101722,0.00456139,-0.0209305,0.0166994,0.00475678,-0.101853,0.0276016,0.00249411,-0.629897,0.0028528,-0.000218756,-0.0416752,0.0161648,0.00403437
-0.585661,0.0157167,-0.00584529,-0.0316367,0.0242851,-0.00587094,-0.016704,0.000721208,-0.00574827,-0.0767736,0.0829862,-0.00182494,-0.0316367,0.095609,0.00164877,-0.016704,-0.0444244,-0.00919436,-0.0767736,0.00246837,0.00183485,-0.585661,0.00957758,0.00441924,-0.016704,0.0336923,0.00436392,-0.0767736,-0.0106703,0.00260229,-0.585661,0.0141533,1.83353e-06,-0.0316367,-0.000470036,0.00378089
-0.541425,0.0961987,-0.00567567,-0.0215983,-0.00914521,-0.0052048,-0.0124776,0.0217214,-0.00528619,-0.0516945,-0.0126014,-0.00150274,-0.0215983,0.0638348,0.000904577,-0.0124776,-0.0434729,-0.00740454,-0.0516945,0.00449549,0.00207655,-0.541425,0.045787,0.00427708,-0.0124776,-0.0294447,0.00397107,-0.0516945,-0.00472992,0.00271047,-0.541425,0.00390464,0.000222423,-0.0215983,0.00273324,0.00352741
-0.497189,0.0131768,-0.00550605,-0.0115598,0.041921,-0.00453866,-0.00825109,0.0244153,-0.00482411,-0.0266155,-0.0383716,-0.00118055,-0.0115598,0.00965281,0.00016038,-0.00825109,0.0607161,-0.00561473,-0.0266155,0.0144959,0.00231825,-0.497189,0.00490229,0.00413493,-0.00825109,0.0126098,0.00357821,-0.0266155,0.00665082,0.00281864,-0.497189,0.0268298,0.000443013,-0.0115598,0.00267527,0.00327394
-0.452953,-0.0735011,-0.00533644,-0.00152131,0.00212703,-0.00387252,-0.00402462,0.0789582,-0.00436204,-0.00153643,0.00054432,-0.000858353,-0.00152131,-0.0863688,-0.000583817,-0.00402462,0.0706542,-0.00382491,-0.00153643,0.0129541,0.00255996,-0.452953,-0.000436528,0.00399277,-0.00402462,-0.034352,0.00318536,-0.00153643,-0.00668943,0.00292682,-0.452953,0.0156895,0.000663603,-0.00152131,-0.00424885,0.00302046
-0.408717,-0.00649699,-0.00516682,0.00851717,-0.0883689,-0.00320638,0.000201851,-0.0661531,-0.00389996,0.0235426,-0.0866078,-0.000536158,0.00851717,-0.102173,-0.00132801,0.000201851,-0.0452333,-0.00203509,0.0235426,0.00162684,0.00280166,-0.408717,0.00341047,0.00385062,0.000201851,0.0401595,0.0027925,0.0235426,0.0200633,0.003035,-0.408717,-0.00593745,0.000884192,0.00851717,-0.00705706,0.00276698
-0.364481,-0.0152768,-0.0049972,0.0185556,0.0949351,-0.00254024,0.00442832,0.0229758,-0.00343788,0.0486217,0.17769,-0.000213962,0.0185556,-0.0327691,-0.00207221,0.00442832,0.0127712,-0.000245276,0.0486217,-0.0362024,0.00304336,-0.364481,0.00786225,0.00370847,0.00442832,0.040765,0.00239964,0.0486217,0.00755946,0.00314317,-0.364481,-0.00434327,0.00110478,0.0185556,-0.00125616,0.0025135
-0.320245,0.0325967,-0.00482758,0.0285941,-0.0256363,-0.0018741,0.00865479,-0.0576724,-0.00297581,0.0737007,-0.0462633,0.000108233,0.0285941,-0.0893616,-0.00281641,0.00865479,0.0675711,0.00154454,0.0737007,0.0039076,0.00328506,-0.320245,0.0100977,0.00356631,0.00865479,-0.027667,0.00200679,0.0737007,0.0109997,0.00325135,-0.320245,0.0013701,0.00132537,0.0285941,0.0100959,0.00226003
-0.276009,-0.0201896,-0.00465796,0.0386326,0.0276517,-0.00120796,0.0128813,-0.0544224,-0.00251373,0.0987798,0.000293796,0.000430429,0.0386326,-0.100795,-0.00356061,0.0128813,-0.0401463,0.00333436,0.0987798,-0.012733,0.00352676,-0.276009,-0.00766697,0.00342416,0.0128813,0.0286296,0.00161393,0.0987798,0.00822281,0.00335953,-0.276009,-0.0100964,0.00154596,0.0386326,0.00769341,0.00200655
-0.231773,-0.0372088,-0.00448834,0.0486711,-0.06785,-0.000541822,0.0171077,0.0366103,-0.00205165,0.123859,0.0501272,0.000752625,0.0486711,0.048244,-0.0043048,0.0171077,0.0612036,0.00512417,0.123859,0.00182721,0.00376846,-0.231773,0.00158442,0.003282,0.0171077,-0.00379431,0.00122107,0.123859,-0.00139989,0.00346771,-0.231773,-0.00195149,0.00176655,0.0486711,0.00640444,0.00175307
-0.187537,-0.0534577,-0.00431872,0.0587096,0.0422194,0.000124318,0.0213342,-0.0597461,-0.00158957,0.148938,0.136824,0.00107482,0.0587096,0.0809954,-0.005049,0.0213342,-0.175334,0.00691399,0.148938,0.0354171,0.00401017,-0.187537,0.00891606,0.00313985,0.0213342,0.0121861,0.000828218,0.148938,0.00699475,0.00357588,-0.187537,0.0134997,0.00198714,0.0587096,0.00453218,0.0014996
-0.143301,-0.0311788,-0.0041491,0.068748,-0.00822527,0.000790457,0.0255607,-0.0173231,-0.0011275,0.174017,0.0173045,0.00139702,0.068748,-0.0240491,-0.0057932,0.0255607,-0.0354531,0.00870381,0.174017,-0.0207946,0.00425187,-0.143301,0.0208566,0.0029977,0.0255607,-0.0108897,0.000435362,0.174017,0.00879596,0.00368406,-0.143301,0.000716742,0.00220773,0.068748,0.00615944,0.00124612
-0.0990645,0.0110069,-0.00397948,0.0787865,-0.0670377,0.0014566,0.0297871,-0.0115319,-0.00066542,0.199096,-0.00828352,0.00171921,0.0787865,0.146582,-0.00653739,0.0297871,0.0188615,0.0104936,0.199096,0.00320738,0.00449357,-0.0990645,-0.0054137,0.00285554,0.0297871,-0.00191872,4.25054e-05,0.199096,0.00222293,0.00379224,-0.0990645,-0.00798777,0.00242832,0.0787865,0.000756139,0.000992641
-0.0548285,-0.0766474,-0.00380986,0.088825,0.0470875,0.00212274,0.0340136,-0.0543521,-0.000203343,0.224175,-0.0209917,0.00204141,0.088825,-0.0863063,-0.00728159,0.0340136,-0.0284637,0.0122834,0.224175,0.015953,0.00473527,-0.0548285,0.00124428,0.00271339,0.0340136,-0.00551751,-0.000350351,0.224175,0.00508062,0.00390041,-0.0548285,-0.018382,0.00264891,0.088825,-0.00898845,0.000739164
-0.0105924,0.017461,-0.00364024,0.0988635,-0.0519972,0.00278888,0.0382401,0.0347309,0.000258734,0.249254,-0.0229736,0.0023636,0.0988635,0.00389336,-0.00802579,0.0382401,-0.0477127,0.0140733,0.249254,0.00894925,0.00497697,-0.0105924,-0.00881411,0.00257123,0.0382401,-0.00161974,-0.000743207,0.249254,-0.00739473,0.00400859,-0.0105924,-0.0064017,0.0028695,0.0988635,0.0117609,0.000485686
0.0336437,-0.0323806,-0.00347062,0.108902,-0.00992453,0.00345502,0.0424666,-0.0241155,0.000720811,0.274333,0.0219282,0.0026858,0.108902,-0.049485,-0.00876999,0.0424666,0.0969979,0.0158631,0.274333,0.0202298,0.00521868,0.0336437,-0.00306791,0.00242908,0.0424666,0.00390504,-0.00113606,0.274333,-0.0082876,0.00411677,0.0336437,0.0122765,0.00309009,0.108902,-0.0154158,0.000232209
0.0778797,-0.0538079,-0.003301,0.11894,0.0210173,0.00412116,0.046693,0.080468,0.00118289,0.299412,0.102585,0.00300799,0.11894,0.060185,-0.00951418,0.046693,0.0118168,0.0176529,0.299412,-0.00820094,0.00546038,0.0778797,-0.0250239,0.00228693,0.046693,-0.0389091,-0.00152892,0.299412,0.00863984,0.00422494,0.0778797,-0.00586888,0.00331068,0.11894,0.0135559,-2.12681e-05
0.122116,0.00397524,-0.00313138,0.128979,0.0100277,0.0047873,0.0509195,-0.0232782,0.00164497,0.324491,-0.00463555,0.00333019,0.128979,-0.0344566,-0.0102584,0.0509195,0.141965,0.0194427,0.324491,-0.0339353,0.00570208,0.122116,0.0580052,0.00214477,0.0509195,-0.0177718,-0.00192178,0.324491,0.0185845,0.00433312,0.122116,-0.00469834,0.00353127,0.128979,-0.000732472,-0.000274745
0.166352,-0.00663053,-0.00296176,0.139017,-0.0254192,0.00545344,0.055146,0.0265229,0.00210704,0.34957,0.0527637,0.00365238,0.139017,-0.0115399,-0.0110026,0.055146,0.0717592,0.0212325,0.34957,-0.013296,0.00594378,0.166352,-0.00352559,0.00200262,0.055146,-0.00769431,-0.00231463,0.34957,0.00920982,0.0044413,0.166352,-0.00976157,0.00375186,0.139017,0.00146971,-0.000528223
0.210588,0.0382038,-0.00279214,0.149056,0.0171689,0.00611958,0.0593724,-0.0347694,0.00256912,0.374649,-0.000473831,0.00397458,0.149056,0.100072,-0.0117468,0.0593724,0.156732,0.0230223,0.374649,0.0157595,0.00618548,0.210588,0.0273805,0.00186046,0.0593724,-0.00592698,-0.00270749,0.374649,0.00995948,0.00454947,0.210588,-0.00359493,0.00397245,0.149056,0.0132781,-0.0007817
0.254824,-0.00400617,-0.00262252,0.159094,0.00864633,0.00678572,0.0635989,-0.035355,0.0030312,0.399728,-0.0502681,0.00429678,0.159094,-0.0283492,-0.012491,0.0635989,0.157453,0.0248122,0.399728,0.0172687,0.00642719,0.254824,-0.00372204,0.00171831,0.0635989,-0.0138581,-0.00310034,0.399728,0.00586815,0.00465765,0.254824,-0.00891558,0.00419304,0.159094,0.000583239,-0.00103518
0.29906,0.0181858,-0.0024529,0.169133,-0.00688262,0.00745186,0.0678254,0.0256716,0.00349327,0.424807,-0.0112335,0.00461897,0.169133,-0.0419449,-0.0132352,0.0678254,0.0580592,0.026602,0.424807,0.00745306,0.00666889,0.29906,0.015067,0.00157616,0.0678254,-0.0128885,-0.0034932,0.424807,-0.00312458,0.00476583,0.29906,-0.00309641,0.00441363,0.169133,-0.000813769,-0.00128865
0.343296,-0.0416123,-0.00228328,0.179171,-0.0219549,0.008118,0.0720518,-0.00324734,0.00395535,0.449886,0.0675535,0.00494117,0.179171,-0.0430731,-0.0139794,0.0720518,0.0530093,0.0283918,0.449886,0.0117273,0.00691059,0.343296,0.00140419,0.001434,0.0720518,0.017299,-0.00388606,0.449886,-0.00546396,0.004874,0.343296,-0.00515325,0.00463422,0.179171,-0.00572242,-0.00154213
0.387532,0.0183905,-0.00211366,0.18921,-0.0161038,0.00878414,0.0762783,0.0433293,0.00441743,0.474965,0.105492,0.00526336,0.18921,-0.0933997,-0.0147236,0.0762783,-0.0225419,0.0301816,0.474965,0.027015,0.00715229,0.387532,-0.0171775,0.00129185,0.0762783,0.0163557,-0.00427891,0.474965,0.000904339,0.00498218,0.387532,0.00514217,0.00485481,0.18921,-0.00391094,-0.00179561
0.431768,0.0535392,-0.00194404,0.199248,0.00580005,0.00945027,0.0805048,0.0366269,0.00487951,0.500044,0.0853987,0.00558556,0.199248,-0.143349,-0.0154678,0.0805048,0.0314987,0.0319714,0.500044,0.0376419,0.00739399,0.431768,0.0018494,0.00114969,0.0805048,-0.0142236,-0.00467177,0.500044,0.00984932,0.00509036,0.431768,-0.000929698,0.0050754,0.199248,0.0007086,-0.00204909
0.476004,-0.016543,-0.00177442,0.209287,0.0190248,0.0101164,0.0847313,-0.0912034,0.00534158,0.525124,0.021426,0.00590775,0.209287,-0.10568,-0.016212,0.0847313,0.220719,0.0337612,0.525124,0.023713,0.0076357,0.476004,-0.0219718,0.00100754,0.0847313,-0.0243537,-0.00506463,0.525124,0.0118997,0.00519854,0.476004,-0.0076926,0.00529599,0.209287,-0.00583438,-0.00230256
0.52024,0.0196624,-0.0016048,0.219325,0.0258447,0.0107826,0.0889577,-0.056602,0.00580366,0.550203,-0.040673,0.00622995,0.219325,-0.0460574,-0.0169562,0.0889577,0.0466125,0.0355511,0.550203,0.000794929,0.0078774,0.52024,0.0212042,0.000865385,0.0889577,0.00468673,-0.00545748,0.550203,0.00594969,0.00530671,0.52024,0.0121682,0.00551658,0.219325,-0.0139473,-0.00255604
0.564476,-0.00951609,-0.00143518,0.229364,0.0305002,0.0114487,0.0931842,-0.0129466,0.00626574,0.575282,-0.0448866,0.00655215,0.229364,-0.0253494,-0.0177003,0.0931842,-0.0470505,0.0373409,0.575282,0.0080729,0.0081191,0.564476,-0.00519308,0.000723231,0.0931842,-0.000524372,-0.00585034,0.575282,-0.00071347,0.00541489,0.564476,-0.0100809,0.00573716,0.229364,-0.0147684,-0.00280952
0.608712,-0.0341487,-0.00126556,0.239402,0.0331965,0.0121148,0.0974107,-0.0102834,0.00672781,0.600361,-0.0227285,0.00687434,0.239402,-0.0347657,-0.0184445,0.0974107,0.0320377,0.0391307,0.600361,0.0268977,0.0083608,0.608712,0.0146873,0.000581077,0.0974107,-0.0293651,-0.0062432,0.600361,-0.0035226,0.00552307,0.608712,-0.00214559,0.00595775,0.239402,-0.0100342,-0.00306299
0.652949,-0.0298913,-0.00109594,0.249441,0.0333035,0.012781,0.101637,0.000772063,0.00718989,0.62544,-0.0210751,0.00719654,0.249441,-0.0490656,-0.0191887,0.101637,0.113665,0.0409205,0.62544,0.0283082,0.0086025,0.652949,0.0128426,0.000438923,0.101637,-0.0297599,-0.00663605,0.62544,0.000251934,0.00563124,0.652949,-0.00848508,0.00617834,0.249441,-0.00402533,-0.00331647
0.697185,0.0111531,-0.000926323,0.259479,0.0305036,0.0134471,0.105864,0.0253191,0.00765197,0.650519,-0.041719,0.00751873,0.259479,-0.0468941,-0.0199329,0.105864,0.137795,0.0427103,0.650519,0.0119513,0.0088442,0.697185,-0.0201419,0.000296768,0.105864,-0.00757914,-0.00702891,0.650519,0.00838798,0.00573942,0.697185,0.0159818,0.00639893,0.259479,-0.0004099,-0.00356995
0.741421,-0.0157396,-0.000756704,0.269518,0.0257712,0.0141133,0.11009,0.0433422,0.00811405,0.675598,-0.0636307,0.00784093,0.269518,-0.0263734,-0.0206771,0.11009,0.113802,0.0445001,0.675598,-0.00768505,0.00908591,0.741421,0.00362039,0.000154614,0.11009,0.000786791,-0.00742176,0.675598,0.0158035,0.0058476,0.741421,0.00121436,0.00661952,0.269518,0.000234955,-0.00382343
0.785657,0.0240417,-0.000587084,0.279556,0.0208654,0.0147794,0.114317,0.0495786,0.00857612,0.700677,-0.0683934,0.00816312,0.279556,0.00412668,-0.0214213,0.114317,0.0681235,0.04629,0.700677,-0.0178351,0.00932761,0.785657,-0.00254134,1.24603e-05,0.114317,-0.00803751,-0.00781462,0.700677,0.0180972,0.00595577,0.785657,0.0165642,0.00684011,0.279556,-0.00105722,-0.0040769
0.829893,0.049703,-0.000417464,0.289595,0.0176306,0.0154455,0.118543,0.0471586,0.0090382,0.725756,-0.0544904,0.00848532,0.289595,0.035955,-0.0221655,0.118543,0.0353892,0.0480798,0.725756,-0.0165459,0.00956931,0.829893,-0.0232751,-0.000129694,0.118543,-0.0189879,-0.00820748,0.725756,0.0150021,0.00606395,0.829893,0.023409,0.0070607,0.289595,-0.0032301,-0.00433038
0.874129,0.0279262,-0.000247845,0.299633,0.017715,0.0161117,0.122769,0.0392731,0.00950028,0.750835,-0.0300195,0.00880751,0.299633,0.0608374,-0.0229097,0.122769,0.0404706,0.0498696,0.750835,-0.00797317,0.00981101,0.874129,-0.0189783,-0.000271848,0.122769,-0.0204447,-0.00860033,0.750835,0.00857664,0.00617213,0.874129,0.00976322,0.00728129,0.299633,-0.00523264,-0.00458386
0.918365,0.0286024,-7.82249e-05,0.309672,0.0213145,0.0167778,0.126996,0.0293879,0.00996235,0.775914,-0.00411059,0.00912971,0.309672,0.0762087,-0.0236539,0.126996,0.0684188,0.0516594,0.775914,0.00308536,0.0100527,0.918365,0.00960588,-0.000414002,0.126996,-0.0151939,-0.00899319,0.775914,0.0011679,0.0062803,0.918365,0.0156452,0.00750188,0.309672,-0.00663775,-0.00483734
0.962601,0.0348531,9.13948e-05,0.31971,0.0279135,0.017444,0.131222,0.0208745,0.0104244,0.800993,0.0145373,0.00945191,0.31971,0.0826691,-0.0243981,0.131222,0.094761,0.0534492,0.800993,0.0120566,0.0102944,0.962601,0.0130891,-0.000556156,0.131222,-0.00958275,-0.00938605,0.800993,-0.00498711,0.00638848,0.962601,0.026672,0.00772247,0.31971,-0.00741506,-0.00509081
1.00684,0.0206339,0.000261014,0.329749,0.0363521,0.0181101,0.135449,0.0166857,0.0108865,0.826072,0.0213618,0.0097741,0.329749,0.0828027,-0.0251423,0.135449,0.0988414,0.055239,0.826072,0.0164324,0.0105361,1.00684,-0.0211636,-0.00069831,0.135449,-0.00877885,-0.0097789,0.826072,-0.00867435,0.00649666,1.00684,0.0270498,0.00794306,0.329749,-0.00768738,-0.00534429
1.05107,-0.0146252,0.000430634,0.339787,0.0457314,0.0187762,0.139675,0.0165181,0.0113486,0.851151,0.0177724,0.0100963,0.339787,0.0777023,-0.0258865,0.139675,0.0819724,0.0570289,0.851151,0.0166211,0.0107778,1.05107,-0.0264745,-0.000840464,0.139675,-0.0117876,-0.0101718,0.851151,-0.0101336,0.00660483,1.05107,0.021802,0.00816365,0.339787,-0.0074232,-0.00559777
1.09531,-0.0433464,0.000600254,0.349825,0.0550586,0.0194424,0.143902,0.0193622,0.0118107,0.87623,0.00527692,0.0104185,0.349825,0.0711503,-0.0266307,0.143902,0.0516761,0.0588187,0.87623,0.0131155,0.0110195,1.09531,-0.0103055,-0.000982618,0.143902,-0.0151715,-0.0105646,0.87623,-0.00964059,0.00671301,1.09531,0.0169388,0.00838424,0.349825,-0.00694626,-0.00585124
1.13955,-0.0349409,0.000769874,0.359864,0.06324,0.0201085,0.148128,0.0229543,0.0122727,0.901309,-0.0133878,0.0107407,0.359864,0.063751,-0.0273749,0.148128,0.0195098,0.0606085,0.901309,0.00692019,0.0112612,1.13955,-0.00106302,-0.00112477,0.148128,-0.0170425,-0.0109575,0.901309,-0.00774113,0.00682119,1.13955,0.0174037,0.00860483,0.359864,-0.00611723,-0.00610472
1.18378,0.00383961,0.000939493,0.369902,0.0669283,0.0207747,0.152355,0.0271166,0.0127348,0.926388,-0.0371791,0.0110629,0.369902,0.0607441,-0.0281191,0.152355,-0.0107391,0.0623983,0.926388,-0.00172068,0.0115029,1.18378,-0.00364591,-0.00126693,0.152355,-0.0140662,-0.0113503,0.926388,-0.00458579,0.00692936,1.18378,0.0226799,0.00882542,0.369902,-0.00498163,-0.0063582
1.22802,0.0475732,0.00110911,0.379941,0.0706166,0.0214408,0.156581,0.0310644,0.0131969,0.951467,-0.0630093,0.0113851,0.379941,0.0577371,-0.0288633,0.156581,-0.0367635,0.0641881,0.951467,-0.0114349,0.0117446,1.22802,-0.0108463,-0.00140908,0.156581,-0.00730742,-0.0117432,0.951467,-0.000889273,0.00703754,1.22802,0.0295089,0.00904601,0.379941,-0.00384603,-0.00661168
1.27225,0.0694562,0.00127873,0.389979,0.0729051,0.0221069,0.160808,0.034523,0.013659,0.976546,-0.0899004,0.0117073,0.389979,0.0566347,-0.0296075,0.160808,-0.0589943,0.0659779,0.976546,-0.0222812,0.0119863,1.27225,-0.0151468,-0.00155123,0.160808,0.00159744,-0.012136,0.976546,0.00332625,0.00714572,1.27225,0.0344889,0.0092666,0.389979,-0.0026896,-0.00686515
1.31649,0.0594175,0.00144835,0.400018,0.0621071,0.0227731,0.165034,0.0368529,0.014121,1.00163,-0.116259,0.0120295,0.400018,0.0752935,-0.0303517,0.165034,-0.0764192,0.0677678,1.00163,-0.0333357,0.012228,1.31649,-0.0130522,-0.00169339,0.165034,0.0110744,-0.0125289,1.00163,0.00760268,0.0072539,1.31649,0.0360751,0.00948719,0.400018,-0.00161051,-0.00711863
1.36073,0.0257894,0.00161797,0.410056,0.0498569,0.0234392,0.169261,0.0381542,0.0145831,1.0267,-0.131259,0.0123517,0.410056,0.0962691,-0.0310959,0.169261,-0.0913427,0.0695576,1.0267,-0.0416916,0.0124697,1.36073,-0.00598866,-0.00183554,0.169261,0.0189887,-0.0129218,1.0267,0.0102225,0.00736207,1.36073,0.0349203,0.00970778,0.410056,-0.000557252,-0.00737211
1.40496,-0.0228971,0.00178759,0.420095,0.0376068,0.0241054,0.173487,0.0357147,0.0150452,1.05178,-0.132585,0.0126739,0.420095,0.117245,-0.0318401,0.173487,-0.0987146,0.0713474,1.05178,-0.0463584,0.0127114,1.40496,0.00457061,-0.0019777,0.173487,0.0195049,-0.0133146,1.05178,0.0106657,0.00747025,1.40496,0.0315252,0.00992837,0.420095,0.000496002,-0.00762558
1.4492,-0.0722052,0.00195721,0.430133,0.0102709,0.0247715,0.177714,0.0332752,0.0155073,1.07686,-0.133912,0.0129961,0.430133,0.163777,-0.0325843,0.177714,-0.106086,0.0731372,1.07686,-0.0510253,0.0129531,1.4492,0.0157294,-0.00211985,0.177714,0.0200212,-0.0137075,1.07686,0.011109,0.00757843,1.4492,0.0273482,0.010149,0.430133,0.00107359,-0.00787906
1.49343,-0.114894,0.00212683,0.440172,-0.0257913,0.0254376,0.18194,0.0308357,0.0159694,1.10194,-0.135238,0.0133183,0.440172,0.22577,-0.0333285,0.18194,-0.113458,0.074927,1.10194,-0.0556921,0.0131948,1.49343,0.0261741,-0.002262,0.18194,0.0205374,-0.0141003,1.10194,0.0115522,0.0076866,1.49343,0.0229101,0.0103695,0.440172,0.0012815,-0.00813254
1.53767,-0.133775,0.00229645,0.45021,-0.0918188,0.0261038,0.186167,0.0279308,0.0164314,1.12702,-0.136565,0.0136404,0.45021,0.341695,-0.0340727,0.186167,-0.120219,0.0767169,1.12702,-0.0603589,0.0134365,1.53767,0.0327818,-0.00240416,0.186167,0.0197688,-0.0144932,1.12702,0.0119954,0.00779478,1.53767,0.019454,0.0105901,0.45021,0.000103489,-0.00838602
1.58191,-0.125039,0.00246607,0.460249,-0.157846,0.0267699,0.190393,0.0189734,0.0168935,1.1521,-0.137892,0.0139626,0.460249,0.45762,-0.0348169,0.190393,-0.119794,0.0785067,1.1521,-0.0650258,0.0136782,1.58191,0.0346755,-0.00254631,0.190393,0.00144599,-0.014886,1.1521,0.0124387,0.00790296,1.58191,0.017536,0.0108107,0.460249,-0.00107453,-0.00863949
1.62614,-0.0714988,0.00263569,0.470287,-0.223874,0.027436,0.194619,0.00810873,0.0173556,1.17718,-0.0932172,0.0142848,0.470287,0.573545,-0.0355611,0.194619,-0.117756,0.0802965,1.17718,-0.0557031,0.0139199,1.62614,0.0287138,-0.00268847,0.194619,-0.0231301,-0.0152789,1.17718,0.0049059,0.00801113,1.62614,0.0184279,0.0110313,0.470287,-0.00225254,-0.00889297
1.67038,0.0381255,0.00280531,0.480326,-0.289901,0.0281022,0.198846,-0.0064872,0.0178177,1.20226,-0.0395209,0.014607,0.480326,0.689469,-0.0363053,0.198846,-0.113075,0.0820863,1.20226,-0.0436367,0.0141616,1.67038,0.0127572,-0.00283062,0.198846,-0.0605113,-0.0156717,1.20226,-0.00419118,0.00811931,1.67038,0.0230817,0.0112519,0.480326,-0.00343056,-0.00914645
1.71461,0.20649,0.00297493,0.490364,-0.355929,0.0287683,0.203072,-0.0244152,0.0182797,1.22734,0.0141754,0.0149292,0.490364,0.805394,-0.0370495,0.203072,-0.106447,0.0838761,1.22734,-0.0315704,0.0144033,1.71461,-0.0137678,-0.00297278,0.203072,-0.109784,-0.0160646,1.22734,-0.0132883,0.00822749,1.71461,0.0318276,0.0114725,0.490364,-0.00460857,-0.00939992
