id,tin_SAEM,iniT_SAEM,iniI_SAEM,beta_SAEM,rhoX_SAEM,k_SAEM,delta_SAEM,p_SAEM,c_SAEM,sigmaX_SAEM,phiX_SAEM,dX_SAEM,tin_mean,iniT_mean,iniI_mean,beta_mean,rhoX_mean,k_mean,delta_mean,p_mean,c_mean,sigmaX_mean,phiX_mean,dX_mean,tin_mode,iniT_mode,iniI_mode,beta_mode,rhoX_mode,k_mode,delta_mode,p_mode,c_mode,sigmaX_mode,phiX_mode,dX_mode,tin_sd,iniT_sd,iniI_sd,beta_sd,rhoX_sd,k_sd,delta_sd,p_sd,c_sd,sigmaX_sd,phiX_sd,dX_sd,source
1,-1.75346,2.66667e+6,0.0333333,3.2362e-8,2,4,1.34028,7241.2,10,1,2,0.2,-1.70841,2.66667e+6,0.0333333,2.66465e-8,2,4,1.33203,7656.21,10,1,2,0.2,-1.58582,2.66667e+6,0.0333333,2.5442e-8,2,4,1.38151,7433.54,10,1,2,0.2,0.643672,0,0,8.45377e-9,0,0,0.226444,963.556,0,0,0,0,Neant
2,-0.329724,2.66667e+6,0.0333333,2.38e-8,2,4,0.693504,7336.99,10,1,2,0.2,-1.00832,2.66667e+6,0.0333333,2.48935e-8,2,4,0.659867,7396.77,10,1,2,0.2,-0.701077,2.66667e+6,0.0333333,2.21908e-8,2,4,0.699198,7275.25,10,1,2,0.2,1.23829,0,0,7.83338e-9,0,0,0.124327,851.449,0,0,0,0,Neant
3,-1.61527,2.66667e+6,0.0333333,2.17309e-8,2,4,1.65399,6939.06,10,1,2,0.2,-1.94428,2.66667e+6,0.0333333,2.02211e-8,2,4,1.56928,6966.31,10,1,2,0.2,-1.75625,2.66667e+6,0.0333333,1.70552e-8,2,4,1.60026,6960.47,10,1,2,0.2,1.33604,0,0,9.80183e-9,0,0,0.275183,1030.47,0,0,0,0,Neant
4,-0.77619,2.66667e+6,0.0333333,2.16961e-8,2,4,1.33126,7633.29,10,1,2,0.2,-0.969478,2.66667e+6,0.0333333,2.34229e-8,2,4,1.23309,7208.9,10,1,2,0.2,-0.99591,2.66667e+6,0.0333333,2.13275e-8,2,4,1.2998,7217.55,10,1,2,0.2,1.54711,0,0,9.02003e-9,0,0,0.277539,1041.96,0,0,0,0,Neant
5,-0.239733,2.66667e+6,0.0333333,2.56085e-8,2,4,1.17047,7307.71,10,1,2,0.2,-0.343472,2.66667e+6,0.0333333,2.30586e-8,2,4,1.13973,7536.53,10,1,2,0.2,-0.257673,2.66667e+6,0.0333333,2.30291e-8,2,4,1.19596,7341.61,10,1,2,0.2,1.39831,0,0,8.51455e-9,0,0,0.244186,934.498,0,0,0,0,Neant
6,-1.06198,2.66667e+6,0.0333333,2.25688e-8,2,4,1.41912,7077.75,10,1,2,0.2,-1.21249,2.66667e+6,0.0333333,2.21608e-8,2,4,1.34351,7189.44,10,1,2,0.2,-1.03678,2.66667e+6,0.0333333,2.11873e-8,2,4,1.33065,7209.67,10,1,2,0.2,1.34293,0,0,8.76819e-9,0,0,0.312794,986.943,0,0,0,0,Neant
7,-0.27136,2.66667e+6,0.0333333,2.70464e-8,2,4,0.874824,7545.78,10,1,2,0.2,-0.807071,2.66667e+6,0.0333333,2.25031e-8,2,4,0.815027,7317.13,10,1,2,0.2,-0.481871,2.66667e+6,0.0333333,2.28746e-8,2,4,0.868734,7325.99,10,1,2,0.2,1.26898,0,0,7.27544e-9,0,0,0.153211,919.027,0,0,0,0,Neant
8,-0.449465,2.66667e+6,0.0333333,2.73386e-8,2,4,0.442398,7620.28,10,1,2,0.2,-0.457728,2.66667e+6,0.0333333,2.5219e-8,2,4,0.428972,7400.45,10,1,2,0.2,-0.493348,2.66667e+6,0.0333333,2.35213e-8,2,4,0.463906,7369.59,10,1,2,0.2,1.23635,0,0,8.76308e-9,0,0,0.0898062,1021.08,0,0,0,0,Neant
9,-1.18676,2.66667e+6,0.0333333,2.01775e-8,2,4,1.02726,7239.68,10,1,2,0.2,-1.3039,2.66667e+6,0.0333333,2.11483e-8,2,4,1.04926,7250.67,10,1,2,0.2,-1.31762,2.66667e+6,0.0333333,1.86513e-8,2,4,1.05986,7054.94,10,1,2,0.2,1.36962,0,0,8.51027e-9,0,0,0.214543,1060.42,0,0,0,0,Neant
10,-0.00614352,2.66667e+6,0.0333333,2.43595e-8,2,4,0.651023,7347.79,10,1,2,0.2,-0.317137,2.66667e+6,0.0333333,2.67338e-8,2,4,0.645414,7286.08,10,1,2,0.2,-0.241223,2.66667e+6,0.0333333,2.38972e-8,2,4,0.680963,7403.87,10,1,2,0.2,1.35527,0,0,9.68672e-9,0,0,0.129781,936.14,0,0,0,0,Neant
11,-0.438787,2.66667e+6,0.0333333,2.31637e-8,2,4,0.943162,7213.12,10,1,2,0.2,-0.247303,2.66667e+6,0.0333333,2.15111e-8,2,4,0.89617,7324.36,10,1,2,0.2,-0.668235,2.66667e+6,0.0333333,2.23063e-8,2,4,0.95124,7283.18,10,1,2,0.2,1.24302,0,0,8.23158e-9,0,0,0.154379,971.839,0,0,0,0,Neant
12,-0.931768,2.66667e+6,0.0333333,2.23312e-8,2,4,1.24696,7083.82,10,1,2,0.2,-1.21367,2.66667e+6,0.0333333,2.40213e-8,2,4,1.21232,7135.24,10,1,2,0.2,-1.24128,2.66667e+6,0.0333333,1.98713e-8,2,4,1.23144,7129.44,10,1,2,0.2,1.29206,0,0,9.54026e-9,0,0,0.193435,1001.7,0,0,0,0,Neant
13,-0.339565,2.66667e+6,0.0333333,2.54925e-8,2,4,0.811035,7661.6,10,1,2,0.2,0.122969,2.66667e+6,0.0333333,2.75499e-8,2,4,0.883671,7329.56,10,1,2,0.2,-0.209769,2.66667e+6,0.0333333,2.35673e-8,2,4,0.851732,7381.39,10,1,2,0.2,1.36535,0,0,9.48108e-9,0,0,0.163704,852.524,0,0,0,0,Neant
14,0.254015,2.66667e+6,0.0333333,2.74604e-8,2,4,0.821508,7335.02,10,1,2,0.2,0.233208,2.66667e+6,0.0333333,2.45162e-8,2,4,0.80115,7565.16,10,1,2,0.2,0.110831,2.66667e+6,0.0333333,2.42998e-8,2,4,0.818705,7444.89,10,1,2,0.2,1.60024,0,0,8.27084e-9,0,0,0.141736,1000.29,0,0,0,0,Neant
15,-0.499506,2.66667e+6,0.0333333,2.38492e-8,2,4,0.51722,7484.02,10,1,2,0.2,-0.533244,2.66667e+6,0.0333333,2.47274e-8,2,4,0.539452,7470.58,10,1,2,0.2,-0.514788,2.66667e+6,0.0333333,2.31873e-8,2,4,0.552758,7347.56,10,1,2,0.2,1.19652,0,0,8.68428e-9,0,0,0.106555,969.419,0,0,0,0,Neant
16,-1.13312,2.66667e+6,0.0333333,2.80706e-8,2,4,0.80636,7512.46,10,1,2,0.2,-1.11191,2.66667e+6,0.0333333,2.51074e-8,2,4,0.816924,7512.44,10,1,2,0.2,-1.21046,2.66667e+6,0.0333333,2.43469e-8,2,4,0.816665,7424.17,10,1,2,0.2,0.96815,0,0,7.97386e-9,0,0,0.184664,1082.25,0,0,0,0,Neant
17,-1.8873,2.66667e+6,0.0333333,2.90064e-8,2,4,1.35464,7555.16,10,1,2,0.2,-2.03032,2.66667e+6,0.0333333,2.74485e-8,2,4,1.32219,7227.28,10,1,2,0.2,-1.65805,2.66667e+6,0.0333333,2.54588e-8,2,4,1.30752,7428.79,10,1,2,0.2,0.949018,0,0,9.20726e-9,0,0,0.267458,870.048,0,0,0,0,Neant
18,-1.56444,2.66667e+6,0.0333333,2.27251e-8,2,4,1.5449,7404.62,10,1,2,0.2,-1.48178,2.66667e+6,0.0333333,2.20184e-8,2,4,1.55588,7089.62,10,1,2,0.2,-1.5111,2.66667e+6,0.0333333,1.83478e-8,2,4,1.52204,7042.33,10,1,2,0.2,1.24603,0,0,9.25638e-9,0,0,0.310223,985.059,0,0,0,0,Neant
19,-0.727831,2.66667e+6,0.0333333,2.33267e-8,2,4,0.662492,7292.7,10,1,2,0.2,-0.373695,2.66667e+6,0.0333333,2.29329e-8,2,4,0.706164,7455.99,10,1,2,0.2,-0.742801,2.66667e+6,0.0333333,2.20135e-8,2,4,0.705098,7262.65,10,1,2,0.2,1.29116,0,0,8.76706e-9,0,0,0.126966,1047.74,0,0,0,0,Neant
20,-0.589744,2.66667e+6,0.0333333,2.70942e-8,2,4,0.55773,7507.09,10,1,2,0.2,-0.337922,2.66667e+6,0.0333333,2.58958e-8,2,4,0.568768,7561.43,10,1,2,0.2,-0.511387,2.66667e+6,0.0333333,2.31518e-8,2,4,0.581475,7343.97,10,1,2,0.2,1.39291,0,0,1.05761e-8,0,0,0.102632,1064.87,0,0,0,0,Neant
21,-0.171818,2.66667e+6,0.0333333,2.67067e-8,2,4,0.804736,7365.98,10,1,2,0.2,-0.208925,2.66667e+6,0.0333333,2.56577e-8,2,4,0.811412,7481.29,10,1,2,0.2,-0.42013,2.66667e+6,0.0333333,2.31184e-8,2,4,0.804066,7344.2,10,1,2,0.2,1.28234,0,0,1.03666e-8,0,0,0.171529,1093.81,0,0,0,0,Neant
22,-0.13336,2.66667e+6,0.0333333,2.6995e-8,2,4,1.1628,7530.01,10,1,2,0.2,-0.258381,2.66667e+6,0.0333333,2.48689e-8,2,4,1.08856,7676.19,10,1,2,0.2,-0.278074,2.66667e+6,0.0333333,2.30899e-8,2,4,1.12301,7345.19,10,1,2,0.2,1.31046,0,0,7.6262e-9,0,0,0.239655,1073.38,0,0,0,0,Neant
23,-1.12984,2.66667e+6,0.0333333,2.3677e-8,2,4,1.10742,7310.89,10,1,2,0.2,-1.1497,2.66667e+6,0.0333333,2.10284e-8,2,4,1.11707,7376.79,10,1,2,0.2,-1.2451,2.66667e+6,0.0333333,1.96329e-8,2,4,1.14157,7112.35,10,1,2,0.2,1.23231,0,0,8.08324e-9,0,0,0.218032,1102.9,0,0,0,0,Neant
24,-0.420904,2.66667e+6,0.0333333,2.59738e-8,2,4,0.600474,7194.41,10,1,2,0.2,-0.33943,2.66667e+6,0.0333333,2.43814e-8,2,4,0.594113,7361.34,10,1,2,0.2,-0.659806,2.66667e+6,0.0333333,2.24361e-8,2,4,0.594448,7292.01,10,1,2,0.2,1.3239,0,0,9.6828e-9,0,0,0.133795,987.513,0,0,0,0,Neant
25,0.381447,2.66667e+6,0.0333333,2.94469e-8,2,4,0.615545,7484.8,10,1,2,0.2,0.433671,2.66667e+6,0.0333333,2.78979e-8,2,4,0.624293,7623.68,10,1,2,0.2,0.31031,2.66667e+6,0.0333333,2.57772e-8,2,4,0.610578,7559.95,10,1,2,0.2,1.08674,0,0,8.30281e-9,0,0,0.0966113,1134.3,0,0,0,0,Neant
26,-0.531429,2.66667e+6,0.0333333,2.4818e-8,2,4,1.04051,7162.38,10,1,2,0.2,-0.588075,2.66667e+6,0.0333333,2.24241e-8,2,4,1.07605,7557.81,10,1,2,0.2,-0.784063,2.66667e+6,0.0333333,2.1962e-8,2,4,1.06263,7258.93,10,1,2,0.2,1.33981,0,0,7.53225e-9,0,0,0.219885,1062.76,0,0,0,0,Neant
27,0.214688,2.66667e+6,0.0333333,2.91548e-8,2,4,0.336215,7603.43,10,1,2,0.2,-0.611819,2.66667e+6,0.0333333,2.53721e-8,2,4,0.324894,7425.31,10,1,2,0.2,-0.247999,2.66667e+6,0.0333333,2.56135e-8,2,4,0.349411,7525.25,10,1,2,0.2,1.48172,0,0,9.94937e-9,0,0,0.0703025,1093.62,0,0,0,0,Neant
28,-1.16458,2.66667e+6,0.0333333,2.20431e-8,2,4,0.881153,7108.73,10,1,2,0.2,-1.09137,2.66667e+6,0.0333333,2.27044e-8,2,4,0.911083,7289.54,10,1,2,0.2,-1.18163,2.66667e+6,0.0333333,1.95678e-8,2,4,0.909685,7107.42,10,1,2,0.2,1.41122,0,0,9.25924e-9,0,0,0.166234,1087.18,0,0,0,0,Neant
29,-0.0792317,2.66667e+6,0.0333333,2.64303e-8,2,4,0.581935,7199.54,10,1,2,0.2,-0.708151,2.66667e+6,0.0333333,2.40332e-8,2,4,0.56738,7527.81,10,1,2,0.2,-0.530119,2.66667e+6,0.0333333,2.30294e-8,2,4,0.598819,7334.97,10,1,2,0.2,1.31457,0,0,6.98484e-9,0,0,0.0930184,1079.19,0,0,0,0,Neant
30,-0.476891,2.66667e+6,0.0333333,2.547e-8,2,4,0.430361,7625.24,10,1,2,0.2,-0.905565,2.66667e+6,0.0333333,2.43357e-8,2,4,0.411009,7124.26,10,1,2,0.2,-0.644884,2.66667e+6,0.0333333,2.26285e-8,2,4,0.43106,7305.68,10,1,2,0.2,1.47744,0,0,7.42252e-9,0,0,0.0734203,1098.28,0,0,0,0,Neant
31,-0.394747,2.66667e+6,0.0333333,2.37693e-8,2,4,0.914327,7368.95,10,1,2,0.2,-0.630016,2.66667e+6,0.0333333,2.24832e-8,2,4,0.851054,7371.93,10,1,2,0.2,-0.619134,2.66667e+6,0.0333333,2.24639e-8,2,4,0.898461,7294.91,10,1,2,0.2,1.29936,0,0,9.10804e-9,0,0,0.168249,1116.54,0,0,0,0,Neant
32,-0.298586,2.66667e+6,0.0333333,2.6371e-8,2,4,1.06679,7380.17,10,1,2,0.2,-0.162467,2.66667e+6,0.0333333,2.46391e-8,2,4,1.06918,7383.32,10,1,2,0.2,-0.512583,2.66667e+6,0.0333333,2.26808e-8,2,4,1.02567,7311.91,10,1,2,0.2,1.33981,0,0,9.49552e-9,0,0,0.242264,996.368,0,0,0,0,Neant
33,-0.0110725,2.66667e+6,0.0333333,2.73363e-8,2,4,0.728403,7352.8,10,1,2,0.2,-0.541189,2.66667e+6,0.0333333,2.59398e-8,2,4,0.70135,7551.43,10,1,2,0.2,-0.36537,2.66667e+6,0.0333333,2.34781e-8,2,4,0.694052,7370.53,10,1,2,0.2,1.30721,0,0,9.40187e-9,0,0,0.175279,1181.03,0,0,0,0,Neant
34,0.300682,2.66667e+6,0.0333333,2.75132e-8,2,4,1.19177,7305.66,10,1,2,0.2,-0.273424,2.66667e+6,0.0333333,2.5104e-8,2,4,1.14213,7460.77,10,1,2,0.2,-0.265427,2.66667e+6,0.0333333,2.30526e-8,2,4,1.149,7342.18,10,1,2,0.2,1.22874,0,0,9.84263e-9,0,0,0.225823,1148.18,0,0,0,0,Neant
35,-0.542521,2.66667e+6,0.0333333,2.35532e-8,2,4,1.0756,7106.31,10,1,2,0.2,-0.568253,2.66667e+6,0.0333333,2.40345e-8,2,4,1.11942,7361.77,10,1,2,0.2,-0.78561,2.66667e+6,0.0333333,2.19714e-8,2,4,1.10943,7259.44,10,1,2,0.2,1.23066,0,0,8.17829e-9,0,0,0.21572,1048.25,0,0,0,0,Neant
36,-0.301917,2.66667e+6,0.0333333,2.66768e-8,2,4,0.583839,7387.46,10,1,2,0.2,-0.0152257,2.66667e+6,0.0333333,2.65975e-8,2,4,0.589569,7737.58,10,1,2,0.2,-0.0156036,2.66667e+6,0.0333333,2.35885e-8,2,4,0.606207,7380.16,10,1,2,0.2,1.66451,0,0,9.73042e-9,0,0,0.14594,1162.7,0,0,0,0,Neant
37,-0.602201,2.66667e+6,0.0333333,2.51634e-8,2,4,1.053,7319.77,10,1,2,0.2,-0.746387,2.66667e+6,0.0333333,2.29452e-8,2,4,1.11897,7643.5,10,1,2,0.2,-0.708679,2.66667e+6,0.0333333,2.21832e-8,2,4,0.975409,7274.48,10,1,2,0.2,1.43916,0,0,8.03582e-9,0,0,0.344249,1143.46,0,0,0,0,Neant
38,-0.384376,2.66667e+6,0.0333333,2.3871e-8,2,4,1.17264,7452.52,10,1,2,0.2,-0.671563,2.66667e+6,0.0333333,2.60519e-8,2,4,1.16599,7390.79,10,1,2,0.2,-0.551916,2.66667e+6,0.0333333,2.25414e-8,2,4,1.17266,7301.31,10,1,2,0.2,1.50693,0,0,1.04385e-8,0,0,0.266539,986.901,0,0,0,0,Neant
39,0.099028,2.66667e+6,0.0333333,2.6494e-8,2,4,0.614246,7536.21,10,1,2,0.2,0.315499,2.66667e+6,0.0333333,2.69652e-8,2,4,0.627919,7340.63,10,1,2,0.2,-0.105639,2.66667e+6,0.0333333,2.45455e-8,2,4,0.620648,7454.36,10,1,2,0.2,1.46009,0,0,9.02187e-9,0,0,0.107394,993.277,0,0,0,0,Neant
40,-1.89675,2.66667e+6,0.0333333,2.23367e-8,2,4,1.49025,6859.78,10,1,2,0.2,-1.73106,2.66667e+6,0.0333333,1.93874e-8,2,4,1.54841,7229.19,10,1,2,0.2,-1.67394,2.66667e+6,0.0333333,1.73805e-8,2,4,1.55069,6981.9,10,1,2,0.2,1.24617,0,0,7.0987e-9,0,0,0.320633,954.378,0,0,0,0,Neant
41,-0.775667,2.66667e+6,0.0333333,2.2269e-8,2,4,0.904176,7301.01,10,1,2,0.2,-0.679033,2.66667e+6,0.0333333,2.27743e-8,2,4,0.942238,7169.51,10,1,2,0.2,-0.922499,2.66667e+6,0.0333333,2.13658e-8,2,4,0.952952,7219.06,10,1,2,0.2,1.38804,0,0,9.98357e-9,0,0,0.232781,1039.92,0,0,0,0,Neant
42,0.583378,2.66667e+6,0.0333333,2.84554e-8,2,4,0.560854,7734.99,10,1,2,0.2,0.583846,2.66667e+6,0.0333333,2.98124e-8,2,4,0.576682,7578.28,10,1,2,0.2,0.431953,2.66667e+6,0.0333333,2.63808e-8,2,4,0.571582,7608.6,10,1,2,0.2,1.19154,0,0,9.64233e-9,0,0,0.110861,1029.95,0,0,0,0,Neant
43,-4.78017,2.66667e+6,0.0333333,1.87924e-8,2,4,0.953839,7128.06,10,1,2,0.2,-4.99737,2.66667e+6,0.0333333,1.78226e-8,2,4,0.965816,7344.93,10,1,2,0.2,-4.90811,2.66667e+6,0.0333333,1.74849e-8,2,4,0.972974,7011.97,10,1,2,0.2,0.787205,0,0,5.24503e-9,0,0,0.1575,807.586,0,0,0,0,Kissler
44,-3.69273,2.66667e+6,0.0333333,2.28628e-8,2,4,1.00192,7220.05,10,1,2,0.2,-3.76267,2.66667e+6,0.0333333,2.29173e-8,2,4,1.01058,7230.06,10,1,2,0.2,-3.41961,2.66667e+6,0.0333333,2.1929e-8,2,4,1.06533,7268.76,10,1,2,0.2,0.906878,0,0,7.85762e-9,0,0,0.164368,1028.24,0,0,0,0,Kissler
45,-4.13397,2.66667e+6,0.0333333,1.83248e-8,2,4,1.39378,6935.8,10,1,2,0.2,-4.03046,2.66667e+6,0.0333333,1.93405e-8,2,4,1.44219,7212.42,10,1,2,0.2,-4.11504,2.66667e+6,0.0333333,1.66197e-8,2,4,1.37559,6899.22,10,1,2,0.2,0.623112,0,0,6.25956e-9,0,0,0.288846,1039.96,0,0,0,0,Kissler
46,-3.88642,2.66667e+6,0.0333333,2.10218e-8,2,4,1.33515,7147.2,10,1,2,0.2,-3.8183,2.66667e+6,0.0333333,2.23296e-8,2,4,1.33211,6971.67,10,1,2,0.2,-3.38286,2.66667e+6,0.0333333,1.96003e-8,2,4,1.40231,7142.65,10,1,2,0.2,0.838535,0,0,8.30172e-9,0,0,0.274534,996.774,0,0,0,0,Kissler
47,-4.8902,2.66667e+6,0.0333333,1.41337e-8,2,4,1.46152,6698.23,10,1,2,0.2,-4.86477,2.66667e+6,0.0333333,1.48999e-8,2,4,1.46018,6703.41,10,1,2,0.2,-4.99938,2.66667e+6,0.0333333,1.41755e-8,2,4,1.42018,6727.86,10,1,2,0.2,0.510516,0,0,3.84899e-9,0,0,0.284598,786.295,0,0,0,0,Kissler
48,-7.70303,2.66667e+6,0.0333333,1.82559e-8,2,4,1.17667,6697.73,10,1,2,0.2,-8.05332,2.66667e+6,0.0333333,1.99422e-8,2,4,1.2519,7048.78,10,1,2,0.2,-8.51085,2.66667e+6,0.0333333,1.68619e-8,2,4,1.1414,6929.1,10,1,2,0.2,0.998674,0,0,9.05002e-9,0,0,0.301787,979.328,0,0,0,0,Kissler
49,-4.87417,2.66667e+6,0.0333333,2.52561e-8,2,4,1.31973,7558.02,10,1,2,0.2,-4.62141,2.66667e+6,0.0333333,2.65294e-8,2,4,1.33025,7604.07,10,1,2,0.2,-4.85795,2.66667e+6,0.0333333,2.33787e-8,2,4,1.32792,7344.2,10,1,2,0.2,0.718654,0,0,1.14037e-8,0,0,0.264775,1277.78,0,0,0,0,Kissler
50,-6.57894,2.66667e+6,0.0333333,2.19789e-8,2,4,0.929576,7303.68,10,1,2,0.2,-6.89742,2.66667e+6,0.0333333,2.16243e-8,2,4,0.883235,7318.81,10,1,2,0.2,-7.92505,2.66667e+6,0.0333333,2.40759e-8,2,4,0.881679,7364.41,10,1,2,0.2,1.51571,0,0,6.7686e-9,0,0,0.158765,890.066,0,0,0,0,Kissler
51,-5.17422,2.66667e+6,0.0333333,2.42419e-8,2,4,1.05487,7359.48,10,1,2,0.2,-5.16461,2.66667e+6,0.0333333,2.33831e-8,2,4,1.053,7313.32,10,1,2,0.2,-5.45201,2.66667e+6,0.0333333,2.08162e-8,2,4,1.04423,7215.96,10,1,2,0.2,0.721047,0,0,8.24965e-9,0,0,0.185678,966.478,0,0,0,0,Kissler
52,-4.32315,2.66667e+6,0.0333333,1.88364e-8,2,4,1.15809,6907.16,10,1,2,0.2,-4.83361,2.66667e+6,0.0333333,2.08756e-8,2,4,1.14206,7253.73,10,1,2,0.2,-4.58869,2.66667e+6,0.0333333,1.78743e-8,2,4,1.17774,7008.9,10,1,2,0.2,1.25244,0,0,8.12643e-9,0,0,0.137002,1181.69,0,0,0,0,Wolfel
53,-3.27727,2.66667e+6,0.0333333,2.77565e-8,2,4,1.55265,7278.58,10,1,2,0.2,-3.19271,2.66667e+6,0.0333333,2.54099e-8,2,4,1.52829,7779.93,10,1,2,0.2,-3.34118,2.66667e+6,0.0333333,2.30485e-8,2,4,1.52223,7340.6,10,1,2,0.2,1.21153,0,0,9.40906e-9,0,0,0.252783,1286.46,0,0,0,0,Wolfel
54,-4.27429,2.66667e+6,0.0333333,2.1462e-8,2,4,1.24557,6943.9,10,1,2,0.2,-4.11403,2.66667e+6,0.0333333,2.13234e-8,2,4,1.29683,7230.59,10,1,2,0.2,-4.39124,2.66667e+6,0.0333333,1.99854e-8,2,4,1.30273,7137.4,10,1,2,0.2,1.26988,0,0,7.74001e-9,0,0,0.181436,920.52,0,0,0,0,Wolfel
55,-4.03391,2.66667e+6,0.0333333,2.36562e-8,2,4,1.53297,7510.36,10,1,2,0.2,-3.8744,2.66667e+6,0.0333333,2.43073e-8,2,4,1.60142,7485.21,10,1,2,0.2,-3.93841,2.66667e+6,0.0333333,2.20397e-8,2,4,1.59233,7264.67,10,1,2,0.2,1.21743,0,0,7.57173e-9,0,0,0.268717,976.924,0,0,0,0,Wolfel
56,-2.53938,2.66667e+6,0.0333333,2.74429e-8,2,4,1.40785,7674.87,10,1,2,0.2,-3.02027,2.66667e+6,0.0333333,2.39765e-8,2,4,1.3055,7582.26,10,1,2,0.2,-2.89281,2.66667e+6,0.0333333,2.34846e-8,2,4,1.36955,7387.56,10,1,2,0.2,1.26481,0,0,8.59726e-9,0,0,0.198641,1047.8,0,0,0,0,Wolfel
57,-4.06163,2.66667e+6,0.0333333,2.35878e-8,2,4,1.18015,7428.36,10,1,2,0.2,-4.13847,2.66667e+6,0.0333333,2.4044e-8,2,4,1.14087,7256.25,10,1,2,0.2,-4.26134,2.66667e+6,0.0333333,2.06802e-8,2,4,1.16692,7176.91,10,1,2,0.2,1.29563,0,0,8.58123e-9,0,0,0.156233,982.567,0,0,0,0,Wolfel
58,-3.55763,2.66667e+6,0.0333333,2.48026e-8,2,4,0.779221,7195.97,10,1,2,0.2,-3.51817,2.66667e+6,0.0333333,2.42315e-8,2,4,0.784498,7299.2,10,1,2,0.2,-3.8785,2.66667e+6,0.0333333,2.21342e-8,2,4,0.779837,7271.07,10,1,2,0.2,1.23416,0,0,9.0525e-9,0,0,0.0800061,960.635,0,0,0,0,Wolfel
59,-4.33953,2.66667e+6,0.0333333,2.12839e-8,2,4,1.30779,7106.32,10,1,2,0.2,-3.81901,2.66667e+6,0.0333333,2.0918e-8,2,4,1.46607,7219.89,10,1,2,0.2,-4.40475,2.66667e+6,0.0333333,1.96985e-8,2,4,1.3742,7122.91,10,1,2,0.2,1.52788,0,0,8.08991e-9,0,0,0.234963,910.746,0,0,0,0,Wolfel
60,-3.801,2.66667e+6,0.0333333,2.39116e-8,2,4,1.32338,6973.06,10,1,2,0.2,-3.73025,2.66667e+6,0.0333333,2.48184e-8,2,4,1.40099,7350.57,10,1,2,0.2,-4.09632,2.66667e+6,0.0333333,2.155e-8,2,4,1.35438,7231.95,10,1,2,0.2,1.12081,0,0,1.02163e-8,0,0,0.253559,1126.58,0,0,0,0,Wolfel
