id,eta_tin_SAEM,eta_iniT_SAEM,eta_iniI_SAEM,eta_beta_SAEM,eta_rhoX_SAEM,eta_k_SAEM,eta_delta_SAEM,eta_p_SAEM,eta_c_SAEM,eta_sigmaX_SAEM,eta_phiX_SAEM,eta_dX_SAEM,eta_tin_mean,eta_iniT_mean,eta_iniI_mean,eta_beta_mean,eta_rhoX_mean,eta_k_mean,eta_delta_mean,eta_p_mean,eta_c_mean,eta_sigmaX_mean,eta_phiX_mean,eta_dX_mean,eta_tin_mode,eta_iniT_mode,eta_iniI_mode,eta_beta_mode,eta_rhoX_mode,eta_k_mode,eta_delta_mode,eta_p_mode,eta_c_mode,eta_sigmaX_mode,eta_phiX_mode,eta_dX_mode,eta_tin_sd,eta_iniT_sd,eta_iniI_sd,eta_beta_sd,eta_rhoX_sd,eta_k_sd,eta_delta_sd,eta_p_sd,eta_c_sd,eta_sigmaX_sd,eta_phiX_sd,eta_dX_sd,source
1,-0.0602302,0,0,0.278587,0,0,0.561866,-0.00445813,0,0,0,0,-0.0504939,0,0,0.138659,0,0,0.555479,0.0431487,0,0,0,0,-0.0443304,0,0,0.139191,0,0,0.632475,0.0213691,0,0,0,0,0.0322631,0,0,0.318305,0,0,0.326857,0.123913,0,0,0,0,Neant
2,0.0110409,0,0,-0.0264501,0,0,-0.517922,0.00821787,0,0,0,0,-0.0154743,0,0,0.0680006,0,0,-0.591545,0.00982763,0,0,0,0,-5.54605e-5,0,0,-0.000864399,0,0,-0.479489,-0.00015489,0,0,0,0,0.0620138,0,0,0.322006,0,0,0.302072,0.114723,0,0,0,0,Neant
3,-0.0533254,0,0,-0.134106,0,0,1.01601,-0.0501897,0,0,0,0,-0.0623947,0,0,-0.196996,0,0,0.894564,-0.0538652,0,0,0,0,-0.0528669,0,0,-0.269323,0,0,0.935282,-0.0443856,0,0,0,0,0.066996,0,0,0.449742,0,0,0.393826,0.141743,0,0,0,0,Neant
4,-0.0113046,0,0,-0.128565,0,0,0.54826,0.0455503,0,0,0,0,-0.0135748,0,0,-0.0170417,0,0,0.405659,-0.0199133,0,0,0,0,-0.0148038,0,0,-0.0414284,0,0,0.517341,-0.00811642,0,0,0,0,0.0775853,0,0,0.388578,0,0,0.412737,0.146406,0,0,0,0,Neant
5,0.0155392,0,0,0.0713704,0,0,0.311326,-0.000591613,0,0,0,0,0.017811,0,0,-0.0262421,0,0,0.266935,0.0273505,0,0,0,0,0.0221182,0,0,0.0370744,0,0,0.367531,0.0089251,0,0,0,0,0.0699854,0,0,0.368055,0,0,0.371561,0.125224,0,0,0,0,Neant
6,-0.0256309,0,0,-0.0719795,0,0,0.675085,-0.0282689,0,0,0,0,-0.0257074,0,0,-0.083003,0,0,0.565314,-0.0217877,0,0,0,0,-0.0168488,0,0,-0.0481655,0,0,0.56104,-0.00920862,0,0,0,0,0.0672667,0,0,0.419673,0,0,0.4549,0.141364,0,0,0,0,Neant
7,0.0139641,0,0,0.112088,0,0,-0.166133,0.0388154,0,0,0,0,-0.00539643,0,0,-0.0398835,0,0,-0.272405,-0.00247052,0,0,0,0,0.0109073,0,0,0.030185,0,0,-0.153795,0.00679632,0,0,0,0,0.0635248,0,0,0.338389,0,0,0.291232,0.127833,0,0,0,0,Neant
8,0.00504381,0,0,0.119745,0,0,-1.18657,0.0453091,0,0,0,0,0.0120982,0,0,0.0671045,0,0,-1.2289,0.00739001,0,0,0,0,0.0103333,0,0,0.0587241,0,0,-1.07555,0.01273,0,0,0,0,0.0618782,0,0,0.371053,0,0,0.321609,0.138354,0,0,0,0,Neant
9,-0.0318986,0,0,-0.192168,0,0,0.0832679,-0.00628119,0,0,0,0,-0.0303099,0,0,-0.123632,0,0,0.124974,-0.0143357,0,0,0,0,-0.0309026,0,0,-0.178242,0,0,0.1622,-0.0309044,0,0,0,0,0.068697,0,0,0.388385,0,0,0.347598,0.147635,0,0,0,0,Neant
10,0.0272362,0,0,0.0156789,0,0,-0.622648,0.00739848,0,0,0,0,0.0191247,0,0,0.130921,0,0,-0.625274,-0.00694992,0,0,0,0,0.0229407,0,0,0.0749641,0,0,-0.518288,0.0173706,0,0,0,0,0.0678449,0,0,0.349874,0,0,0.306718,0.128983,0,0,0,0,Neant
11,0.0055666,0,0,-0.0459093,0,0,-0.0552102,-0.00738253,0,0,0,0,0.0226201,0,0,-0.0996345,0,0,-0.12259,-0.00212758,0,0,0,0,0.00158714,0,0,0.00444373,0,0,-0.0123646,0.000935476,0,0,0,0,0.0622134,0,0,0.373219,0,0,0.273829,0.131809,0,0,0,0,Neant
12,-0.0191033,0,0,-0.107727,0,0,0.424565,-0.0279261,0,0,0,0,-0.0257597,0,0,0.0126211,0,0,0.382024,-0.0293508,0,0,0,0,-0.027082,0,0,-0.113637,0,0,0.419256,-0.0203999,0,0,0,0,0.0647588,0,0,0.369033,0,0,0.286744,0.139636,0,0,0,0,Neant
13,0.0105489,0,0,0.0277307,0,0,-0.281053,0.0503813,0,0,0,0,0.0411589,0,0,0.158387,0,0,-0.146547,0.000671256,0,0,0,0,0.0245135,0,0,0.0607251,0,0,-0.184105,0.0143291,0,0,0,0,0.0683502,0,0,0.372546,0,0,0.289467,0.114513,0,0,0,0,Neant
14,0.0402726,0,0,0.143075,0,0,-0.265165,0.0074352,0,0,0,0,0.0466816,0,0,0.0460066,0,0,-0.295012,0.0301943,0,0,0,0,0.0405436,0,0,0.0920863,0,0,-0.244291,0.0228952,0,0,0,0,0.0801187,0,0,0.340582,0,0,0.266253,0.132249,0,0,0,0,Neant
15,0.00253455,0,0,-0.0181242,0,0,-0.96302,0.0268402,0,0,0,0,0.00830921,0,0,0.0565882,0,0,-0.887143,0.0182385,0,0,0,0,0.00926116,0,0,0.044083,0,0,-0.821427,0.0097355,0,0,0,0,0.059891,0,0,0.329066,0,0,0.299343,0.126258,0,0,0,0,Neant
16,-0.0291395,0,0,0.14795,0,0,-0.295532,0.0330681,0,0,0,0,-0.0206155,0,0,0.0760024,0,0,-0.278069,0.0215311,0,0,0,0,-0.0255393,0,0,0.0940693,0,0,-0.248068,0.0201091,0,0,0,0,0.0484726,0,0,0.324255,0,0,0.351004,0.14451,0,0,0,0,Neant
17,-0.0669326,0,0,0.187699,0,0,0.579225,0.0355682,0,0,0,0,-0.0666619,0,0,0.16542,0,0,0.537241,-0.0137668,0,0,0,0,-0.047948,0,0,0.139865,0,0,0.528306,0.0207311,0,0,0,0,0.0476207,0,0,0.327828,0,0,0.387997,0.11742,0,0,0,0,Neant
18,-0.0507964,0,0,-0.110491,0,0,0.852704,0.0111192,0,0,0,0,-0.0391885,0,0,-0.0935601,0,0,0.876027,-0.035675,0,0,0,0,-0.0405889,0,0,-0.194956,0,0,0.827357,-0.0326928,0,0,0,0,0.0624175,0,0,0.421746,0,0,0.448198,0.139415,0,0,0,0,Neant
19,-0.00888367,0,0,-0.0284978,0,0,-0.587809,0.00242955,0,0,0,0,0.0162952,0,0,-0.0301203,0,0,-0.48755,0.0142629,0,0,0,0,-0.00214234,0,0,-0.00906646,0,0,-0.467124,-0.00188754,0,0,0,0,0.0646169,0,0,0.358565,0,0,0.281383,0.14345,0,0,0,0,Neant
20,-0.00198179,0,0,0.105405,0,0,-0.835088,0.0245502,0,0,0,0,0.0180886,0,0,0.0808274,0,0,-0.804229,0.0284096,0,0,0,0,0.00943127,0,0,0.0425118,0,0,-0.748128,0.0092467,0,0,0,0,0.0697297,0,0,0.398712,0,0,0.268916,0.142101,0,0,0,0,Neant
21,0.0189406,0,0,0.0758382,0,0,-0.299617,0.0137967,0,0,0,0,0.0245497,0,0,0.078633,0,0,-0.281509,0.0170063,0,0,0,0,0.0139947,0,0,0.0410351,0,0,-0.27156,0.00927913,0,0,0,0,0.0641816,0,0,0.37416,0,0,0.311163,0.147215,0,0,0,0,Neant
22,0.0208641,0,0,0.123382,0,0,0.294655,0.0312256,0,0,0,0,0.0220531,0,0,0.0747587,0,0,0.185702,0.0438685,0,0,0,0,0.0210981,0,0,0.0397728,0,0,0.259006,0.00941323,0,0,0,0,0.0656274,0,0,0.286076,0,0,0.37215,0.138399,0,0,0,0,Neant
23,-0.0290009,0,0,-0.0427676,0,0,0.21642,0.00425878,0,0,0,0,-0.0225556,0,0,-0.117879,0,0,0.234574,0.00302623,0,0,0,0,-0.0272732,0,0,-0.125951,0,0,0.286934,-0.0228,0,0,0,0,0.0617316,0,0,0.349238,0,0,0.332185,0.144933,0,0,0,0,Neant
24,0.00646802,0,0,0.0545016,0,0,-0.739925,-0.0141262,0,0,0,0,0.0180129,0,0,0.024392,0,0,-0.753326,0.00269284,0,0,0,0,0.00200873,0,0,0.0103816,0,0,-0.716162,0.00214684,0,0,0,0,0.0662644,0,0,0.380462,0,0,0.334542,0.133529,0,0,0,0,Neant
25,0.0466421,0,0,0.202356,0,0,-0.700193,0.0302643,0,0,0,0,0.0566962,0,0,0.189728,0,0,-0.6617,0.0353635,0,0,0,0,0.0505178,0,0,0.152622,0,0,-0.677332,0.0382324,0,0,0,0,0.054382,0,0,0.30807,0,0,0.229865,0.151211,0,0,0,0,Neant
26,0.000928003,0,0,0.00316352,0,0,0.0967433,-0.0175709,0,0,0,0,0.00555625,0,0,-0.0444515,0,0,0.169791,0.0282292,0,0,0,0,-0.00420619,0,0,-0.0114642,0,0,0.166511,-0.00240041,0,0,0,0,0.0670894,0,0,0.337624,0,0,0.341987,0.13906,0,0,0,0,Neant
27,0.038294,0,0,0.179726,0,0,-1.5996,0.0452589,0,0,0,0,0.00437501,0,0,0.0724695,0,0,-1.66796,0.00900505,0,0,0,0,0.0226019,0,0,0.146085,0,0,-1.4975,0.0336322,0,0,0,0,0.0741939,0,0,0.355173,0,0,0.386806,0.151727,0,0,0,0,Neant
28,-0.0307756,0,0,-0.117644,0,0,-0.163475,-0.0226917,0,0,0,0,-0.0196335,0,0,-0.0462489,0,0,-0.0999077,-0.00943417,0,0,0,0,-0.0240967,0,0,-0.129335,0,0,-0.0824932,-0.0234932,0,0,0,0,0.0707242,0,0,0.370083,0,0,0.299093,0.150604,0,0,0,0,Neant
29,0.0235822,0,0,0.0852927,0,0,-0.781638,-0.0116493,0,0,0,0,-0.000459066,0,0,0.0406658,0,0,-0.803905,0.0243576,0,0,0,0,0.00849447,0,0,0.0370864,0,0,-0.705541,0.0080215,0,0,0,0,0.0658368,0,0,0.288418,0,0,0.24625,0.136936,0,0,0,0,Neant
30,0.00366944,0,0,0.053802,0,0,-1.2099,0.0432629,0,0,0,0,-0.0103555,0,0,0.0489055,0,0,-1.28389,-0.0328541,0,0,0,0,0.00275501,0,0,0.0191142,0,0,-1.18302,0.00401943,0,0,0,0,0.0740336,0,0,0.307054,0,0,0.285412,0.152922,0,0,0,0,Neant
31,0.00778742,0,0,-0.0055636,0,0,-0.10184,0.0121464,0,0,0,0,0.00345516,0,0,-0.0658788,0,0,-0.208975,0.00206735,0,0,0,0,0.00404285,0,0,0.0116479,0,0,-0.101807,0.00254497,0,0,0,0,0.065057,0,0,0.408575,0,0,0.31445,0.146984,0,0,0,0,Neant
32,0.0125899,0,0,0.0821082,0,0,0.152626,0.0138449,0,0,0,0,0.0268526,0,0,0.0300352,0,0,0.154475,0.00569029,0,0,0,0,0.00937145,0,0,0.0214791,0,0,0.10847,0.0048718,0,0,0,0,0.0671034,0,0,0.408124,0,0,0.377611,0.132805,0,0,0,0,Neant
33,0.0270039,0,0,0.112801,0,0,-0.467304,0.00805792,0,0,0,0,0.00792694,0,0,0.0984298,0,0,-0.516141,0.0243927,0,0,0,0,0.016733,0,0,0.0568424,0,0,-0.490349,0.012857,0,0,0,0,0.06543,0,0,0.354191,0,0,0.379042,0.161505,0,0,0,0,Neant
34,0.0425856,0,0,0.123488,0,0,0.343275,0.00504019,0,0,0,0,0.0213111,0,0,0.0648811,0,0,0.273668,0.013291,0,0,0,0,0.0217305,0,0,0.0381173,0,0,0.298047,0.00900274,0,0,0,0,0.0614915,0,0,0.344035,0,0,0.336963,0.1532,0,0,0,0,Neant
35,0.000380484,0,0,-0.0191587,0,0,0.160277,-0.022539,0,0,0,0,0.00655799,0,0,0.0275694,0,0,0.240549,0.00185713,0,0,0,0,-0.00428353,0,0,-0.0110268,0,0,0.238432,-0.00232913,0,0,0,0,0.06161,0,0,0.332797,0,0,0.325479,0.139456,0,0,0,0,Neant
36,0.0124092,0,0,0.101624,0,0,-0.788375,0.0156923,0,0,0,0,0.0342513,0,0,0.122338,0,0,-0.775905,0.0505098,0,0,0,0,0.0342218,0,0,0.0616455,0,0,-0.687758,0.0141631,0,0,0,0,0.0833335,0,0,0.360217,0,0,0.388299,0.147129,0,0,0,0,Neant
37,-0.0026192,0,0,0.00483857,0,0,0.111635,0.00517183,0,0,0,0,-0.00236582,0,0,-0.029451,0,0,0.21163,0.038718,0,0,0,0,-0.000435684,0,0,-0.00121472,0,0,0.0274992,-0.000260724,0,0,0,0,0.0720795,0,0,0.368601,0,0,0.541855,0.143108,0,0,0,0,Neant
38,0.00829386,0,0,-0.0337579,0,0,0.301783,0.0231007,0,0,0,0,0.00137292,0,0,0.0827366,0,0,0.302028,0.00675093,0,0,0,0,0.00740444,0,0,0.0151676,0,0,0.333212,0.0034208,0,0,0,0,0.0754621,0,0,0.418376,0,0,0.406908,0.133201,0,0,0,0,Neant
39,0.0325007,0,0,0.109138,0,0,-0.702386,0.0330794,0,0,0,0,0.050804,0,0,0.149861,0,0,-0.656155,-0.000677977,0,0,0,0,0.0297201,0,0,0.102399,0,0,-0.653579,0.0241669,0,0,0,0,0.0730938,0,0,0.319245,0,0,0.248598,0.139114,0,0,0,0,Neant
40,-0.0674587,0,0,-0.11813,0,0,0.773141,-0.060036,0,0,0,0,-0.0516947,0,0,-0.205838,0,0,0.866678,-0.016139,0,0,0,0,-0.048744,0,0,-0.250103,0,0,0.86688,-0.0413111,0,0,0,0,0.062503,0,0,0.378674,0,0,0.462585,0.143014,0,0,0,0,Neant
41,-0.011292,0,0,-0.109913,0,0,-0.135117,0.00569164,0,0,0,0,0.00101316,0,0,-0.0622942,0,0,-0.0587402,-0.0253294,0,0,0,0,-0.0111311,0,0,-0.0395928,0,0,-0.00951877,-0.00790737,0,0,0,0,0.0695184,0,0,0.426007,0,0,0.396426,0.145504,0,0,0,0,Neant
42,0.0567435,0,0,0.173798,0,0,-0.838283,0.058154,0,0,0,0,0.0642232,0,0,0.249755,0,0,-0.785951,0.0313857,0,0,0,0,0.0566005,0,0,0.176386,0,0,-0.77297,0.0446464,0,0,0,0,0.0596474,0,0,0.337258,0,0,0.278443,0.136518,0,0,0,0,Neant
43,0.0124131,0,0,-0.255333,0,0,-0.0329551,-0.0193211,0,0,0,0,0.000420704,0,0,-0.265357,0,0,-0.00401343,0.0033298,0,0,0,0,0.00505284,0,0,-0.244006,0,0,0.0235132,-0.0370133,0,0,0,0,0.0399963,0,0,0.290606,0,0,0.275695,0.110084,0,0,0,0,Kissler
44,0.0674385,0,0,-0.035567,0,0,0.0536597,-0.00341585,0,0,0,0,0.0629031,0,0,-0.0195902,0,0,0.070407,-0.0158317,0,0,0,0,0.0803021,0,0,-0.0130013,0,0,0.17071,-0.00104703,0,0,0,0,0.0458736,0,0,0.325306,0,0,0.272512,0.1355,0,0,0,0,Kissler
45,0.0451879,0,0,-0.270836,0,0,0.63547,-0.0451778,0,0,0,0,0.0494416,0,0,-0.189909,0,0,0.708875,-0.0191006,0,0,0,0,0.0452183,0,0,-0.295638,0,0,0.624197,-0.0532239,0,0,0,0,0.0314902,0,0,0.315501,0,0,0.421482,0.143167,0,0,0,0,Kissler
46,0.0576317,0,0,-0.12953,0,0,0.551519,-0.0174936,0,0,0,0,0.0601146,0,0,-0.0562263,0,0,0.550177,-0.053072,0,0,0,0,0.0821529,0,0,-0.127645,0,0,0.661513,-0.018548,0,0,0,0,0.0423704,0,0,0.35327,0,0,0.403634,0.14402,0,0,0,0,Kissler
47,0.00688946,0,0,-0.51282,0,0,0.737244,-0.0815984,0,0,0,0,0.00721117,0,0,-0.437274,0,0,0.736604,-0.0890035,0,0,0,0,0.000417778,0,0,-0.45719,0,0,0.686384,-0.0783748,0,0,0,0,0.0259201,0,0,0.247798,0,0,0.408704,0.118774,0,0,0,0,Kissler
48,-0.137872,0,0,-0.293064,0,0,0.294048,-0.0805599,0,0,0,0,-0.156786,0,0,-0.187052,0,0,0.429165,-0.0412087,0,0,0,0,-0.180443,0,0,-0.280922,0,0,0.28667,-0.0489024,0,0,0,0,0.0515213,0,0,0.37789,0,0,0.450811,0.136775,0,0,0,0,Kissler
49,0.0076823,0,0,0.04201,0,0,0.528874,0.0373335,0,0,0,0,0.0195195,0,0,0.100585,0,0,0.549882,0.0299244,0,0,0,0,0.00759844,0,0,0.0524985,0,0,0.557188,0.00927884,0,0,0,0,0.0363871,0,0,0.412968,0,0,0.387809,0.168724,0,0,0,0,Kissler
50,-0.0799262,0,0,-0.0881888,0,0,-0.0738784,0.000899879,0,0,0,0,-0.0971498,0,0,-0.0776416,0,0,-0.144424,-0.00173891,0,0,0,0,-0.149862,0,0,0.0826005,0,0,-0.131003,0.0120262,0,0,0,0,0.077857,0,0,0.331356,0,0,0.272036,0.123818,0,0,0,0,Kissler
51,-0.00757032,0,0,0.000948639,0,0,0.128031,0.0117113,0,0,0,0,-0.00806251,0,0,-0.0105889,0,0,0.136026,-0.0034816,0,0,0,0,-0.0226066,0,0,-0.0662159,0,0,0.137761,-0.00833668,0,0,0,0,0.0366148,0,0,0.36928,0,0,0.29966,0.130331,0,0,0,0,Kissler
52,-0.0253196,0,0,-0.252287,0,0,0.295509,-0.0539372,0,0,0,0,-0.0494988,0,0,-0.133751,0,0,0.281928,-0.0162495,0,0,0,0,-0.0368319,0,0,-0.221582,0,0,0.340718,-0.0374516,0,0,0,0,0.0636668,0,0,0.380516,0,0,0.205202,0.161883,0,0,0,0,Wolfel
53,0.0275193,0,0,0.15607,0,0,0.867272,-0.00023196,0,0,0,0,0.0334869,0,0,0.0660396,0,0,0.835723,0.0533573,0,0,0,0,0.0261683,0,0,0.0379345,0,0,0.827623,0.00878849,0,0,0,0,0.0610634,0,0,0.399139,0,0,0.358748,0.164793,0,0,0,0,Wolfel
54,-0.0228539,0,0,-0.143709,0,0,0.424412,-0.048562,0,0,0,0,-0.0130339,0,0,-0.100676,0,0,0.507946,-0.0142476,0,0,0,0,-0.0268335,0,0,-0.107792,0,0,0.521499,-0.0192846,0,0,0,0,0.0642949,0,0,0.34555,0,0,0.258606,0.1255,0,0,0,0,Wolfel
55,-0.0107051,0,0,-0.0325397,0,0,0.839272,0.0311487,0,0,0,0,-0.000895233,0,0,0.0413516,0,0,0.942642,0.0195245,0,0,0,0,-0.00394323,0,0,-0.00785011,0,0,0.924339,-0.00160996,0,0,0,0,0.0615113,0,0,0.333997,0,0,0.390327,0.133648,0,0,0,0,Wolfel
56,0.064629,0,0,0.109711,0,0,0.661395,0.0541197,0,0,0,0,0.0421602,0,0,0.0190869,0,0,0.518011,0.0314731,0,0,0,0,0.0487237,0,0,0.0571259,0,0,0.615739,0.0151646,0,0,0,0,0.0636874,0,0,0.35082,0,0,0.288224,0.14033,0,0,0,0,Wolfel
57,-0.012225,0,0,-0.0351598,0,0,0.327281,0.0180466,0,0,0,0,-0.0142712,0,0,0.0167256,0,0,0.279141,-0.0118431,0,0,0,0,-0.0202614,0,0,-0.0729099,0,0,0.324703,-0.0137632,0,0,0,0,0.0655436,0,0,0.371965,0,0,0.231897,0.134569,0,0,0,0,Wolfel
58,0.0132878,0,0,0.0233817,0,0,-0.332782,-0.0125336,0,0,0,0,0.0170719,0,0,0.0285844,0,0,-0.314946,-0.00572118,0,0,0,0,-0.000918718,0,0,-0.00347673,0,0,-0.317551,-0.000728816,0,0,0,0,0.062344,0,0,0.350352,0,0,0.155003,0.133999,0,0,0,0,Wolfel
59,-0.0261854,0,0,-0.142968,0,0,0.517678,-0.0249942,0,0,0,0,0.00180489,0,0,-0.127976,0,0,0.747567,-0.0156624,0,0,0,0,-0.0275169,0,0,-0.122544,0,0,0.622244,-0.0213165,0,0,0,0,0.0771621,0,0,0.370363,0,0,0.331144,0.125357,0,0,0,0,Wolfel
60,0.00105298,0,0,-0.0306858,0,0,0.536295,-0.0418333,0,0,0,0,0.00641337,0,0,0.0369796,0,0,0.653396,-0.000956915,0,0,0,0,-0.0119194,0,0,-0.0308209,0,0,0.594459,-0.00612406,0,0,0,0,0.0565591,0,0,0.400299,0,0,0.363487,0.147352,0,0,0,0,Wolfel
