iteration,convergenceIndicator,phase,tin_pop,beta_tin_source_Neant,beta_tin_source_Wolfel,beta_pop,delta_pop,p_pop,omega_tin,omega_beta,omega_delta,omega_p,a
1,485.692,1,-4.59793,0.166465,0.043323,3.11812e-08,0.940267,5354.35,0.0098906,0.32665,0.728636,0.0406549,1.50653
2,491.878,1,-4.59626,0.165927,0.0442659,3.006e-08,0.951781,5328.64,0.0101347,0.345102,0.752322,0.0403964,1.54658
3,469.914,1,-4.5601,0.166419,0.0444283,3.11085e-08,0.886112,5355.96,0.00987806,0.336364,0.733273,0.0415168,1.50742
4,478.176,1,-4.58415,0.168335,0.0425608,2.96969e-08,0.891065,5361.14,0.00962794,0.368975,0.767935,0.0404656,1.46925
5,497.155,1,-4.49898,0.16409,0.0417138,2.80108e-08,0.895704,5372.09,0.00938415,0.406764,0.74849,0.039441,1.48689
6,506.946,1,-4.46704,0.164122,0.0433505,2.9496e-08,0.890001,5360.82,0.00999935,0.446537,0.729538,0.0384423,1.44924
7,522.433,1,-4.453,0.160638,0.0434005,3.0199e-08,0.895838,5380.81,0.0108473,0.43523,0.787026,0.0374689,1.47911
8,510.47,1,-4.31365,0.152729,0.0349767,3.07042e-08,0.950073,5354.14,0.0105726,0.44174,0.767098,0.0374747,1.50521
9,511.039,1,-4.35682,0.154314,0.0288834,3.10479e-08,0.867,5358.45,0.0103049,0.547636,0.747675,0.0367297,1.51371
10,502.616,1,-4.43385,0.155625,0.0372581,3.45553e-08,0.919895,5348.09,0.010044,0.533769,0.728743,0.0357997,1.47538
11,512.535,1,-4.49609,0.161096,0.0384035,3.38455e-08,0.908131,5372.44,0.010706,0.520254,0.710291,0.035519,1.43802
12,515.547,1,-4.61833,0.168478,0.0447098,3.13351e-08,0.87598,5365.77,0.011046,0.507081,0.700473,0.0346196,1.48835
13,506.402,1,-4.60362,0.166441,0.0417802,2.9703e-08,0.890381,5388.59,0.0116283,0.494241,0.682737,0.0342373,1.45066
14,522.818,1,-4.62818,0.167787,0.0469614,3.0537e-08,0.917035,5380.77,0.0124813,0.511361,0.66545,0.0396574,1.4372
15,569.137,1,-4.71402,0.171696,0.0557993,2.84086e-08,0.865274,5397.17,0.0139434,0.525605,0.6486,0.0449496,1.44739
16,562.191,1,-4.7738,0.176547,0.0575444,2.88931e-08,0.856226,5465.08,0.0135904,0.522456,0.637726,0.0438115,1.51171
17,565.607,1,-4.85554,0.182177,0.0637284,3.02999e-08,0.88566,5503.97,0.0148378,0.509227,0.635992,0.0427022,1.49865
18,609.896,1,-4.91292,0.185844,0.0666004,2.84349e-08,0.87438,5465.64,0.0153439,0.54229,0.6465,0.0447962,1.46071
19,562.115,1,-4.86412,0.188084,0.073939,2.89913e-08,0.885527,5478.08,0.0153233,0.563053,0.63013,0.043662,1.44193
20,571.676,1,-4.73086,0.182759,0.0701886,3.07103e-08,0.937611,5471.1,0.0149353,0.548796,0.671093,0.0425564,1.43246
21,568.131,1,-4.71368,0.186025,0.0707992,3.17718e-08,0.960031,5489.73,0.0155741,0.5349,0.678246,0.0414789,1.42549
22,588.354,1,-4.54835,0.176617,0.0568925,3.04112e-08,0.983995,5474.49,0.0159896,0.52869,0.661072,0.0438407,1.46773
23,560.245,1,-4.6817,0.181689,0.0585103,2.97405e-08,0.979624,5523.12,0.0155848,0.515303,0.707344,0.0427306,1.47478
24,591.573,1,-4.69823,0.185865,0.0522971,3.0216e-08,0.996452,5536.17,0.0167452,0.502255,0.689433,0.0430893,1.53906
25,604.448,1,-4.63351,0.175894,0.0465738,3.15448e-08,0.973376,5497.02,0.0163212,0.489538,0.671977,0.0507955,1.54984
26,607.144,1,-4.84523,0.189569,0.0571515,3.06118e-08,0.925301,5455.46,0.0167896,0.477143,0.673042,0.0539855,1.52307
27,635.408,1,-4.82999,0.191945,0.0532128,3.20002e-08,0.920966,5391.13,0.0176481,0.465061,0.712452,0.0625602,1.5105
28,612.917,1,-4.65949,0.184497,0.0279505,3.04296e-08,0.944915,5386.34,0.0172013,0.453285,0.694413,0.0609761,1.53242
29,627.456,1,-4.77557,0.191287,0.0433936,3.16363e-08,0.984143,5340.4,0.0167657,0.441808,0.724164,0.0594322,1.56261
30,597.931,1,-4.75656,0.192487,0.0438048,2.98958e-08,0.973883,5327.49,0.0163412,0.439805,0.705828,0.0579273,1.5761
31,681.496,1,-4.76503,0.189702,0.0438473,3.07871e-08,0.941275,5370.87,0.0188959,0.451215,0.786078,0.058941,1.59926
32,667.139,1,-4.74253,0.193879,0.0475726,2.90805e-08,0.922218,5363.85,0.0184203,0.451108,0.766174,0.0752689,1.55877
33,696.561,1,-4.8369,0.19712,0.0515457,3.05395e-08,0.8916,5414.78,0.0192243,0.498997,0.746774,0.0745292,1.55659
34,646.632,1,-4.8774,0.197458,0.0455615,3.08882e-08,0.948672,5406.7,0.0187375,0.486362,0.727865,0.0726421,1.52501
35,656.866,1,-4.84622,0.196808,0.0443782,3.48786e-08,0.942674,5382.39,0.018263,0.474048,0.749535,0.0719246,1.51133
36,682.942,1,-4.94731,0.202672,0.0587949,3.42893e-08,0.934394,5450.8,0.0179505,0.484181,0.735703,0.0701034,1.47306
37,654.003,1,-5.06017,0.209594,0.0677953,3.24419e-08,0.900492,5396.43,0.0174959,0.472363,0.717074,0.0702527,1.43576
38,642.166,1,-4.99355,0.203368,0.0720351,3.07857e-08,0.899158,5425.66,0.0182949,0.501765,0.729029,0.0684739,1.44324
39,669.169,1,-5.05493,0.206371,0.0793874,2.89971e-08,0.882344,5416.51,0.0197513,0.50962,0.710569,0.0667401,1.46907
40,710.887,1,-4.77265,0.187467,0.0665897,2.82895e-08,0.86749,5412.85,0.0192512,0.582948,0.692577,0.0771623,1.54266
41,708.208,1,-4.64087,0.174605,0.0569503,3.12305e-08,0.902665,5399.88,0.0187637,0.617581,0.675041,0.0826917,1.5036
42,708.164,1,-4.5058,0.167393,0.0420135,2.91324e-08,0.871806,5448.43,0.0184285,0.601944,0.669061,0.0805979,1.47533
43,661.643,1,-4.67281,0.177837,0.0525249,3.05592e-08,0.903574,5400.29,0.0179619,0.586702,0.65212,0.083476,1.43798
44,718.288,1,-4.68588,0.177549,0.056041,3.05477e-08,0.881846,5501,0.0175071,0.584623,0.635608,0.0946121,1.49541
45,673.224,1,-4.72872,0.175956,0.057504,3.17295e-08,0.935405,5405.15,0.0170638,0.58043,0.63209,0.0922165,1.49542
46,683.852,1,-4.58931,0.167985,0.052333,3.3573e-08,0.857089,5339.19,0.0166317,0.624801,0.616085,0.0906333,1.51846
47,681.194,1,-4.59803,0.167414,0.0495998,3.11605e-08,0.910192,5320.09,0.0162106,0.608981,0.675637,0.0883384,1.48001
48,670.439,1,-4.66017,0.167762,0.0538993,3.07613e-08,0.870783,5276.36,0.0158001,0.593561,0.700907,0.0861016,1.45648
49,717.204,1,-4.66906,0.170425,0.0652261,3.08599e-08,0.860871,5290.61,0.0165333,0.603973,0.698086,0.0965936,1.44761
50,725.478,1,-4.60405,0.16625,0.0552875,3.14327e-08,0.875577,5259.18,0.0168781,0.639484,0.70489,0.0986891,1.41677
51,722.8,1,-4.46608,0.160722,0.0408147,3.11207e-08,0.915281,5291.76,0.0164508,0.623292,0.687622,0.113569,1.42785
52,717.875,1,-4.30745,0.148912,0.0342139,3.1757e-08,0.871602,5235.43,0.0160342,0.60751,0.670211,0.11675,1.42714
53,689.473,1,-4.37628,0.153296,0.0379784,3.20971e-08,0.882141,5137.69,0.0156282,0.592127,0.674656,0.113794,1.391
54,643.829,1,-4.29519,0.150071,0.0337822,3.16202e-08,0.893763,5084.2,0.0152325,0.577134,0.657573,0.110912,1.41815
55,694.712,1,-4.3014,0.149777,0.0300497,2.97095e-08,0.848448,5168.97,0.0150552,0.602794,0.687469,0.108104,1.47887
56,708.05,1,-4.44392,0.156599,0.0336806,3.12262e-08,0.87935,5147.58,0.0166198,0.587531,0.689749,0.105367,1.46299
57,696.02,1,-4.44043,0.161284,0.0309281,3.22705e-08,0.90158,5087.51,0.016199,0.620099,0.672285,0.11249,1.46552
58,711.405,1,-4.57343,0.167574,0.0420634,3.32378e-08,0.880666,5106.48,0.0157888,0.604398,0.68334,0.115353,1.49522
59,683.772,1,-4.60485,0.171579,0.0448816,3.19185e-08,0.91829,5203.81,0.015389,0.589094,0.668626,0.112432,1.45736
60,710.979,1,-4.68678,0.175203,0.0454551,3.19626e-08,0.911042,5254.77,0.0153658,0.594736,0.719189,0.113976,1.48775
61,732.526,1,-4.73593,0.177429,0.0476465,3.11076e-08,0.852697,5217.06,0.0149768,0.616128,0.81063,0.116315,1.45008
62,691.416,1,-4.80442,0.179543,0.0463554,2.75795e-08,0.83036,5264.88,0.0145975,0.600527,0.790105,0.11337,1.42195
63,702.973,1,-4.93994,0.186486,0.0561053,2.84846e-08,0.850654,5155.21,0.0142279,0.622769,0.770099,0.114774,1.4129
64,725.53,1,-4.7791,0.178606,0.0480168,3.17375e-08,0.859158,5028.47,0.0138677,0.609058,0.7506,0.116316,1.40581
65,672.306,1,-4.74848,0.17662,0.0438539,3.4614e-08,0.916349,4934.86,0.0135165,0.593636,0.731594,0.113371,1.41289
66,653.364,1,-4.69389,0.174212,0.0420907,3.44527e-08,0.910063,4983.64,0.0131743,0.578605,0.71307,0.110598,1.41577
67,677.868,1,-4.59839,0.169799,0.0310568,3.31151e-08,0.911337,5017.21,0.0128407,0.563954,0.710328,0.120238,1.51733
68,715.584,1,-4.43623,0.160731,0.0258178,3.19157e-08,0.82297,4967.84,0.0149483,0.549675,0.708581,0.11917,1.48025
69,697.79,1,-4.68625,0.17456,0.0396849,3.21321e-08,0.846983,5072.79,0.0145698,0.554757,0.690639,0.118071,1.49899
70,728.953,1,-4.6633,0.171872,0.044895,3.22322e-08,0.876788,5180.24,0.0155147,0.54071,0.725583,0.124041,1.49747
71,737.224,1,-4.72506,0.175113,0.0413275,2.95955e-08,0.849609,5155.16,0.0151219,0.57305,0.707211,0.122084,1.52997
72,718.276,1,-4.92193,0.183317,0.0552328,2.86584e-08,0.855731,5163.69,0.0147825,0.588244,0.689304,0.118993,1.53222
73,745.372,1,-4.84614,0.181232,0.0455243,3.11869e-08,0.8997,5392.31,0.0166373,0.574202,0.67185,0.119451,1.49343
74,714.835,1,-4.65551,0.176346,0.0378982,2.97979e-08,0.876814,5365.98,0.016216,0.559663,0.654839,0.129238,1.54237
75,709.88,1,-4.86785,0.185876,0.0526174,2.90694e-08,0.912031,5536.84,0.0158054,0.545492,0.676408,0.125965,1.51639
76,702.512,1,-4.80524,0.183797,0.0521117,2.91874e-08,0.926432,5596.93,0.0174524,0.53168,0.659726,0.122776,1.5272
77,724.312,1,-4.66905,0.176088,0.0451328,2.90382e-08,0.944643,5538.61,0.0170642,0.518218,0.695699,0.124924,1.53258
78,731.337,1,-4.60766,0.172234,0.0436143,3.14692e-08,0.961053,5534.53,0.0177521,0.521923,0.678083,0.121761,1.56817
79,738.628,1,-4.57954,0.173294,0.0470353,2.86158e-08,0.893936,5612.71,0.0190056,0.508708,0.705702,0.119565,1.53802
80,711.34,1,-4.3975,0.164943,0.0281228,2.73555e-08,0.867162,5518.34,0.0185244,0.495827,0.687833,0.116537,1.55483
81,698.894,1,-4.28773,0.157076,0.0161422,2.96739e-08,0.928173,5548.67,0.0180554,0.551595,0.670416,0.113586,1.51546
82,769.99,1,-4.36455,0.159469,0.0170031,2.88468e-08,0.90656,5568.7,0.020063,0.552685,0.674603,0.134813,1.51618
83,776.616,1,-4.51766,0.164959,0.0279201,2.83777e-08,0.897477,5559.36,0.0213675,0.547474,0.686367,0.1314,1.50885
84,793.455,1,-4.45711,0.158831,0.0224079,2.98238e-08,0.875588,5479.13,0.0226156,0.533611,0.723822,0.128921,1.49246
85,773.959,1,-4.52863,0.156625,0.0359425,3.00102e-08,0.901316,5558.07,0.0251005,0.5201,0.705495,0.125656,1.48872
86,791.739,1,-4.53277,0.156604,0.0366638,2.83341e-08,0.866861,5662.34,0.0258729,0.506931,0.692915,0.135704,1.49984
87,793.004,1,-4.46968,0.150144,0.0158732,2.83128e-08,0.853394,5674.96,0.0280015,0.494095,0.686068,0.136219,1.47446
88,799.233,1,-4.54733,0.147864,0.0164047,2.73406e-08,0.879536,5688.05,0.0276635,0.481584,0.668696,0.143425,1.52383
89,764.089,1,-4.5191,0.150706,-0.00078317,2.67437e-08,0.872785,5573.06,0.0269631,0.46939,0.651765,0.14313,1.50708
90,783.385,1,-4.60232,0.160533,0.00223386,2.61014e-08,0.82664,5530.84,0.0277078,0.457505,0.666249,0.139506,1.47583
91,761.74,1,-4.49602,0.154883,-0.0137971,2.44388e-08,0.81227,5409.17,0.0288379,0.445921,0.649379,0.136209,1.45585
92,747.835,1,-4.38888,0.152213,0.000186891,2.2609e-08,0.823961,5415.63,0.0281077,0.43463,0.721998,0.13276,1.43257
93,762.867,1,-4.34477,0.146509,-0.00632827,2.44609e-08,0.822325,5380.53,0.0310051,0.423625,0.703717,0.129399,1.46185
94,770.526,1,-4.10477,0.133177,-0.0217591,2.48062e-08,0.843451,5350.07,0.0314819,0.412898,0.732503,0.126122,1.458
95,756.727,1,-4.07423,0.133385,-0.0253545,2.76022e-08,0.902888,5390.7,0.0306848,0.402443,0.786309,0.122929,1.44113
96,745.603,1,-4.41838,0.15727,-0.00244725,2.58342e-08,0.871011,5392.01,0.0299079,0.392253,0.766399,0.119816,1.44716
97,724.86,1,-4.66818,0.181687,0.00666188,2.61419e-08,0.873296,5400.86,0.0291506,0.382321,0.746993,0.116782,1.46176
98,711.346,1,-4.3581,0.165176,-0.00109743,2.73868e-08,0.902807,5334.73,0.0284125,0.372641,0.728079,0.113825,1.46053
99,714.04,1,-4.05112,0.143354,-0.0241121,2.90294e-08,0.957815,5204.97,0.0303157,0.363205,0.709644,0.110943,1.44302
100,758.842,1,-4.0108,0.147601,-0.00866692,2.95029e-08,0.897566,5270.19,0.0332578,0.354009,0.769796,0.108134,1.47274
101,725.226,1,-3.95391,0.147055,-0.00122334,2.99426e-08,0.90342,5170,0.0324157,0.357327,0.750304,0.107878,1.44379
102,732.854,1,-4.00794,0.155112,0.0142183,3.18034e-08,0.934662,5153.71,0.0315949,0.374346,0.731306,0.109811,1.41269
103,769.783,1,-4.15127,0.158377,0.0324376,3.46545e-08,0.95019,5047.97,0.0312127,0.367647,0.718789,0.1204,1.43974
104,759.206,1,-4.35753,0.175549,0.0395445,3.68114e-08,0.931208,5048.18,0.0304224,0.405217,0.700589,0.130374,1.43642
105,746.179,1,-4.22945,0.170618,0.033813,3.35451e-08,0.968084,5081.6,0.0297217,0.416439,0.707441,0.127073,1.44601
106,777.617,1,-4.35515,0.176818,0.0369412,3.67986e-08,1.01632,5134.19,0.0289691,0.438436,0.745938,0.134515,1.46328
107,757.924,1,-4.30463,0.177959,0.0432267,3.57262e-08,0.990515,5178.77,0.0282356,0.427335,0.72705,0.131109,1.42623
108,754.498,1,-4.29137,0.179272,0.0317132,3.41001e-08,0.970832,5078.16,0.0275207,0.44972,0.772882,0.127789,1.46135
109,761.541,1,-4.17432,0.164569,0.0242318,3.55236e-08,0.962947,5151.37,0.0268238,0.471535,0.753312,0.124553,1.44648
110,767.589,1,-3.97886,0.156864,0.0294017,3.84656e-08,0.958158,5177.61,0.0296047,0.509835,0.734238,0.1214,1.40986
111,800.738,1,-3.8833,0.156751,0.0216769,3.69002e-08,0.970227,5145.27,0.029018,0.518475,0.736805,0.134434,1.43983
112,822.1,1,-4.03295,0.165654,0.0363898,3.46364e-08,1.01688,5178.02,0.0315232,0.505347,0.758558,0.141163,1.50424
113,809.027,1,-4.19963,0.177857,0.0456674,3.45561e-08,1.01005,5182.4,0.0341085,0.492551,0.739351,0.137589,1.54073
114,813.867,1,-4.31879,0.183764,0.0572875,3.28031e-08,0.991296,5198.03,0.0332449,0.48008,0.72063,0.13576,1.55045
115,827.104,1,-4.43513,0.187403,0.0677294,3.04267e-08,0.985041,5244.69,0.0381968,0.486887,0.703717,0.147667,1.51119
116,789.827,1,-4.45039,0.187236,0.0838118,2.79589e-08,0.995258,5465.79,0.0372297,0.474559,0.700223,0.143928,1.48669
117,802.582,1,-4.32532,0.18409,0.072492,2.79443e-08,0.941906,5493.72,0.0384881,0.462543,0.687671,0.140284,1.47544
118,852.189,1,-4.24283,0.17888,0.0731119,2.78825e-08,0.949136,5642.31,0.0422292,0.466642,0.72326,0.1428,1.51035
119,815.663,1,-4.37147,0.184121,0.0889009,2.51727e-08,0.934601,5655.64,0.0411599,0.454826,0.771527,0.148177,1.4721
120,799.843,1,-4.87774,0.213508,0.113897,2.38642e-08,0.903871,5698.23,0.0401177,0.451515,0.751991,0.144425,1.46202
121,789.145,1,-5.0883,0.220478,0.12364,2.52488e-08,0.911647,5663.93,0.0391019,0.441128,0.73295,0.141985,1.425
122,809.193,1,-4.9326,0.204991,0.114885,2.36065e-08,0.932803,5603.18,0.0412054,0.429958,0.778345,0.138389,1.49969
123,824.801,1,-4.74031,0.194672,0.127074,2.37165e-08,0.919018,5391.25,0.0417806,0.419071,0.758637,0.136932,1.46546
124,848.118,1,-4.59699,0.180445,0.117805,2.47705e-08,0.880576,5506.09,0.0418893,0.411598,0.782182,0.147536,1.43926
125,830.879,1,-4.85598,0.202616,0.137626,2.76649e-08,0.94399,5392.54,0.0456618,0.401176,0.799,0.143801,1.42658
126,802.881,1,-4.7486,0.199933,0.120523,2.70372e-08,0.938638,5363.06,0.0459895,0.391018,0.819797,0.14016,1.39046
127,833.154,1,-4.50143,0.191709,0.0822404,2.71414e-08,0.933045,5428.01,0.0451622,0.416628,0.871433,0.136611,1.42725
128,856.759,1,-4.34026,0.179734,0.0776428,2.69271e-08,1.00209,5446.74,0.0440187,0.430476,0.872034,0.144725,1.4353
129,850.05,1,-4.2433,0.180735,0.0903778,2.72757e-08,0.98701,5534.49,0.0442577,0.419576,0.849954,0.156551,1.42455
130,856.101,1,-4.68362,0.20356,0.131639,2.72214e-08,0.933393,5636.71,0.0431371,0.431653,0.828433,0.166926,1.46449
131,853.336,1,-4.97515,0.218157,0.126118,2.87382e-08,0.945643,5561.03,0.0430016,0.420723,0.807456,0.165265,1.45317
132,853.908,1,-5.01428,0.228153,0.142396,2.82561e-08,1.02032,5773.12,0.0462768,0.411601,0.81994,0.16108,1.43618
133,882.821,1,-4.5341,0.196014,0.124208,2.72763e-08,0.981455,5865.38,0.0483351,0.401179,0.868277,0.17385,1.4121
134,886.095,1,-4.59037,0.192047,0.117607,2.69959e-08,0.954581,5941.55,0.0476812,0.420482,0.846291,0.199734,1.42854
135,881.665,1,-4.60634,0.196505,0.141477,2.63036e-08,0.980359,6077.63,0.0515472,0.409835,0.824863,0.194677,1.49569
136,870.613,1,-4.57006,0.184786,0.11949,2.63026e-08,0.969062,6492.95,0.054551,0.399458,0.819855,0.189748,1.45782
137,877.103,1,-5.15673,0.214378,0.144498,2.45291e-08,1.00725,6501.3,0.0531697,0.389344,0.838753,0.197551,1.4273
138,842.825,1,-5.13253,0.211824,0.120574,2.26675e-08,0.961807,6588.94,0.0586796,0.379485,0.817516,0.192549,1.39116
139,906.87,1,-4.81171,0.192709,0.0986435,2.2461e-08,0.956233,6427.15,0.0647111,0.397494,0.832261,0.201297,1.36283
140,918.085,1,-4.68997,0.195838,0.0602993,2.25938e-08,0.883274,6759.34,0.064701,0.426263,0.811188,0.1962,1.40886
141,892.589,1,-4.38148,0.190673,0.016957,2.28195e-08,0.923716,6759.71,0.0630628,0.41547,0.790648,0.191232,1.42516
142,915.847,1,-4.89481,0.208504,0.0597969,2.36749e-08,0.945866,6551.63,0.0696625,0.428669,0.807919,0.198584,1.45104
143,884.574,1,-4.79157,0.206818,0.0610922,2.45832e-08,0.963013,6585.77,0.0678986,0.417815,0.787462,0.193556,1.41429
144,862.956,1,-4.91706,0.228602,0.082566,2.35035e-08,0.95816,6634.98,0.07433,0.407235,0.767523,0.188655,1.45527
145,853.776,1,-5.23903,0.243564,0.122197,2.4156e-08,0.96373,6661,0.0724479,0.396924,0.748089,0.183878,1.41843
146,870.386,1,-4.96468,0.227805,0.106078,2.42732e-08,0.992164,6555.5,0.0713187,0.386874,0.729147,0.186785,1.44022
147,878.022,1,-4.96809,0.243784,0.127868,2.37982e-08,1.00835,6635.12,0.0701881,0.377078,0.724338,0.182253,1.40375
148,866.808,1,-4.94535,0.254832,0.130106,2.35728e-08,1.05167,6897.44,0.0694949,0.36753,0.828748,0.177638,1.37695
149,883.625,1,-5.16632,0.27348,0.139681,2.28542e-08,1.02391,6856.68,0.0677353,0.358224,0.807763,0.17314,1.49017
150,882.644,2,-5.11543,0.265138,0.144191,2.2513e-08,1.03139,6936.49,0.0703408,0.373103,0.78731,0.172276,1.45244
151,839.288,2,-5.27785,0.272039,0.101974,2.32384e-08,1.01228,6739.84,0.0734008,0.363656,0.767375,0.167914,1.4382
152,884.112,2,-4.94142,0.255372,0.0786041,2.2342e-08,1.0125,6715.19,0.0668492,0.343371,0.715571,0.181576,1.50859
153,888.796,2,-5.17239,0.269124,0.1166,2.11553e-08,1.00725,6935.35,0.0697664,0.394246,0.70522,0.198326,1.39801
154,898.18,2,-4.78649,0.270016,0.0714013,2.11476e-08,0.986529,7132.85,0.0682886,0.405843,0.714268,0.209128,1.36974
155,917.105,2,-5.19838,0.289987,0.0765471,2.29595e-08,1.03223,7274.9,0.0649903,0.474467,0.72543,0.217345,1.40903
156,920.003,2,-5.03977,0.268898,0.0868108,2.25112e-08,1.03215,7350.69,0.0691863,0.452928,0.700997,0.207385,1.41555
157,936.451,2,-4.96171,0.259279,0.108902,2.32741e-08,1.02228,7124.59,0.0740005,0.533723,0.695696,0.199648,1.38983
158,951.672,2,-5.15223,0.262599,0.135777,2.54002e-08,1.00939,7132.37,0.0782419,0.576078,0.713282,0.210883,1.36134
159,965.324,2,-5.08601,0.276009,0.113249,2.47711e-08,1.01941,7071.87,0.0749217,0.618569,0.695522,0.191969,1.37864
160,941.568,2,-5.51779,0.291112,0.108724,2.39282e-08,0.966411,6840,0.0729744,0.586204,0.725452,0.198837,1.38538
161,908.989,2,-5.40435,0.281004,0.0873994,2.52589e-08,0.961196,6742.49,0.075235,0.511161,0.68703,0.203237,1.36021
162,917.847,2,-5.42914,0.274362,0.0575025,2.62226e-08,0.964156,6716.82,0.0803966,0.50863,0.651705,0.19601,1.35411
163,926.999,2,-5.50135,0.275689,0.0530814,2.4605e-08,0.938048,6695.39,0.0773636,0.509226,0.637205,0.199921,1.38154
164,928.092,2,-5.44905,0.263537,0.067225,2.53082e-08,0.958207,6643.91,0.0757619,0.499392,0.652237,0.212523,1.38219
165,913.755,2,-5.36671,0.253894,0.0655978,2.45218e-08,0.969138,6707.19,0.0777134,0.462061,0.667009,0.209896,1.35715
166,921.037,2,-5.14108,0.237981,0.0547933,2.56409e-08,0.960983,6717.18,0.0772809,0.454966,0.65311,0.216548,1.37396
167,945.314,2,-4.91186,0.221193,0.0445237,2.54475e-08,0.941688,6759.39,0.0764371,0.491973,0.649337,0.22447,1.37305
168,960.349,2,-5.15393,0.242731,0.0631749,2.45544e-08,0.936249,6839.46,0.0832494,0.494735,0.647891,0.215519,1.37383
169,912.527,2,-5.23933,0.246894,0.0599306,2.46829e-08,0.946447,6954.62,0.0885835,0.473184,0.647432,0.20519,1.3687
170,928.294,2,-5.40156,0.259156,0.0686542,2.30804e-08,0.950882,7070.1,0.0912095,0.466236,0.665586,0.196467,1.37638
171,903.092,2,-5.4908,0.262767,0.0865292,2.33182e-08,0.956984,7061.2,0.083176,0.446278,0.639136,0.189281,1.407
172,906.128,2,-5.44923,0.251185,0.0828892,2.24925e-08,0.944545,6995.29,0.0862928,0.456496,0.649131,0.179431,1.39411
173,897.129,2,-5.21449,0.244352,0.0658727,2.24526e-08,0.95918,7019.62,0.0858159,0.44927,0.663464,0.171063,1.4111
174,882.302,2,-5.12254,0.240766,0.0544965,2.2356e-08,0.956374,7055.01,0.0838743,0.446263,0.669311,0.165854,1.39653
175,869.433,2,-5.12116,0.24008,0.0507486,2.29953e-08,0.966617,7080.08,0.080561,0.439705,0.661174,0.159658,1.411
176,893.704,2,-5.01769,0.231699,0.0444983,2.26663e-08,0.968748,7103.96,0.0802744,0.428303,0.659676,0.156951,1.41062
177,913.255,2,-4.88224,0.220674,0.0439437,2.23643e-08,0.959601,7162.9,0.0797188,0.434983,0.665467,0.165797,1.42275
178,887.133,2,-4.74231,0.207634,0.0356473,2.27069e-08,0.956775,7227.16,0.0794176,0.433644,0.678012,0.161248,1.40689
179,912.309,2,-4.79826,0.201981,0.0441279,2.26564e-08,0.947767,7274.65,0.0818612,0.433555,0.674747,0.159425,1.41
180,910.031,2,-4.9173,0.20477,0.0543125,2.25513e-08,0.946941,7268.06,0.081303,0.421834,0.69755,0.160147,1.40573
181,876.553,2,-5.00531,0.211648,0.0629091,2.27401e-08,0.964552,7258.11,0.0805839,0.421216,0.716932,0.155956,1.40421
182,847.667,2,-5.00693,0.213095,0.0723397,2.25746e-08,0.972822,7282.11,0.0804904,0.402859,0.7141,0.156791,1.40538
183,906.106,2,-5.11571,0.219759,0.0762896,2.26699e-08,0.972631,7284.45,0.0825246,0.400245,0.722486,0.160321,1.39999
184,877.38,2,-5.12304,0.224178,0.0754014,2.24106e-08,0.970265,7299.48,0.0825393,0.39829,0.705969,0.158734,1.411
185,908.489,2,-5.16795,0.225591,0.0787018,2.2226e-08,0.968034,7282.68,0.0809358,0.406897,0.709559,0.157071,1.41592
186,874.158,2,-5.15539,0.226333,0.0784121,2.20205e-08,0.962644,7289.39,0.0778551,0.414785,0.706431,0.155152,1.40783
187,842.974,2,-5.10761,0.224195,0.0789026,2.2141e-08,0.968784,7324.98,0.0752944,0.410434,0.706632,0.151529,1.4036
188,863.404,2,-5.03861,0.219495,0.0750914,2.21534e-08,0.965991,7348.89,0.0743268,0.408778,0.702473,0.150815,1.40961
189,838.878,2,-5.10067,0.22471,0.0786127,2.23147e-08,0.968307,7324.81,0.0733567,0.400903,0.69655,0.148726,1.41743
190,841.489,2,-5.1313,0.227102,0.077429,2.24323e-08,0.967903,7311.69,0.0722912,0.394431,0.695138,0.147918,1.42076
191,861.791,2,-5.12559,0.22704,0.0708991,2.266e-08,0.966526,7285.02,0.0714817,0.391842,0.695342,0.149002,1.42135
192,854.072,2,-5.07475,0.223897,0.0668645,2.24993e-08,0.965265,7291.07,0.0710061,0.392571,0.684452,0.148563,1.42335
193,864.495,2,-5.02671,0.222108,0.0663242,2.23776e-08,0.961445,7263.48,0.0709424,0.389872,0.683698,0.147226,1.42276
194,859.469,2,-5.0071,0.218954,0.0645708,2.23551e-08,0.960647,7272.78,0.0712762,0.392557,0.680913,0.145499,1.42047
195,847.095,2,-5.03496,0.219829,0.0636981,2.24047e-08,0.95666,7257.08,0.0710808,0.39265,0.678728,0.145174,1.41653
196,858.615,2,-5.01669,0.218157,0.0617867,2.25612e-08,0.956875,7249.05,0.0707932,0.39316,0.681953,0.144471,1.42201
197,863.74,2,-4.99236,0.215868,0.0618314,2.25316e-08,0.957391,7247.66,0.0706977,0.391521,0.68202,0.14352,1.42595
198,870.008,2,-4.97877,0.21428,0.0591401,2.25262e-08,0.95601,7252.13,0.0707398,0.390489,0.68348,0.1451,1.42196
199,828.383,2,-4.92632,0.21171,0.0554236,2.24558e-08,0.955779,7261.33,0.0706358,0.387443,0.685029,0.144337,1.41937
200,884.598,2,-4.88863,0.209457,0.0511116,2.24097e-08,0.956533,7263.55,0.0716311,0.384792,0.683421,0.144516,1.4232
201,847.529,2,-4.88842,0.209392,0.0504218,2.237e-08,0.956028,7262.38,0.0716079,0.385139,0.683216,0.144183,1.42379
202,879.811,2,-4.88168,0.209079,0.0493607,2.23601e-08,0.954873,7261.48,0.0715745,0.385841,0.683283,0.144163,1.42355
203,914.562,2,-4.87246,0.208777,0.048801,2.232e-08,0.954372,7260.76,0.0714472,0.38618,0.683205,0.144187,1.42482
204,882.159,2,-4.86295,0.208139,0.0479133,2.23274e-08,0.954383,7259.55,0.0714316,0.385856,0.68344,0.14407,1.4257
205,834.576,2,-4.86319,0.208435,0.0480002,2.23186e-08,0.954941,7259.75,0.0713969,0.384788,0.683077,0.144085,1.42588
206,833.541,2,-4.86275,0.20832,0.0481938,2.23139e-08,0.955039,7260.74,0.0715143,0.384169,0.683373,0.143859,1.42644
207,879.878,2,-4.86506,0.208669,0.0482978,2.23094e-08,0.95525,7258.37,0.0715999,0.3839,0.683558,0.14412,1.42664
208,926.279,2,-4.86195,0.208731,0.048019,2.23439e-08,0.955718,7255.24,0.0717092,0.383324,0.684592,0.144468,1.42744
209,929.512,2,-4.87146,0.209195,0.0486517,2.23631e-08,0.955109,7254.44,0.0718358,0.383345,0.685776,0.145055,1.42731
210,871.384,2,-4.87327,0.209332,0.048567,2.23661e-08,0.9546,7251.94,0.0717959,0.385217,0.684998,0.144962,1.42644
211,834.475,2,-4.88066,0.209854,0.0483105,2.23843e-08,0.954041,7249.45,0.071706,0.3854,0.685253,0.144707,1.42635
212,802.63,2,-4.88696,0.21048,0.0479906,2.23774e-08,0.954754,7249.56,0.0716445,0.384362,0.684635,0.144322,1.42612
213,833.223,2,-4.89119,0.210828,0.0484412,2.23746e-08,0.954926,7249.46,0.0717321,0.383538,0.683724,0.144106,1.42549
214,851.519,2,-4.89647,0.211269,0.0486943,2.23785e-08,0.95492,7251.15,0.0717397,0.382973,0.683262,0.144243,1.42511
215,853.334,2,-4.9026,0.21156,0.0489009,2.23825e-08,0.954884,7253.02,0.0718201,0.382727,0.68435,0.144094,1.42441
216,869.322,2,-4.91232,0.212086,0.0492665,2.23626e-08,0.955006,7257.8,0.0719377,0.38294,0.684425,0.144115,1.42392
217,880.507,2,-4.92309,0.21295,0.0498947,2.23365e-08,0.955136,7258.91,0.0719701,0.383057,0.684113,0.1442,1.4241
218,866.644,2,-4.93057,0.213553,0.0503312,2.23288e-08,0.954761,7258.37,0.071924,0.383364,0.683634,0.144283,1.42405
219,826.693,2,-4.93315,0.213772,0.0501181,2.23247e-08,0.954825,7259.62,0.0718536,0.383439,0.684185,0.144167,1.42408
220,822.189,2,-4.93811,0.214114,0.0502539,2.23257e-08,0.954577,7261.65,0.0717815,0.383566,0.684221,0.144164,1.42307
221,807.744,2,-4.94398,0.214428,0.0506587,2.23201e-08,0.954713,7261.98,0.0716587,0.382934,0.684491,0.143883,1.42253
222,852.653,2,-4.9471,0.214561,0.050798,2.23222e-08,0.955025,7264.01,0.071684,0.383659,0.684419,0.143721,1.42182
223,825.543,2,-4.95121,0.214716,0.0506057,2.2346e-08,0.955381,7265.58,0.0715979,0.383447,0.683792,0.143677,1.4212
224,861.397,2,-4.95583,0.214761,0.0507638,2.23597e-08,0.954842,7265.63,0.0716005,0.384286,0.682456,0.143588,1.42105
225,878.663,2,-4.96583,0.215271,0.0514146,2.23668e-08,0.954691,7263.8,0.0716409,0.384608,0.682046,0.143558,1.42129
226,881.605,2,-4.97102,0.215292,0.0518205,2.23624e-08,0.954949,7263.83,0.0717392,0.385051,0.682746,0.143696,1.42078
227,854.354,2,-4.97426,0.215397,0.0521682,2.23708e-08,0.955012,7262.88,0.0717174,0.385067,0.683374,0.143936,1.42056
228,863.414,2,-4.97806,0.215443,0.0527065,2.24083e-08,0.955751,7263.11,0.0717396,0.385507,0.683251,0.143876,1.42067
229,837.107,2,-4.98158,0.215563,0.0534978,2.23779e-08,0.955962,7263.36,0.0716597,0.385401,0.683533,0.14383,1.42109
230,855.672,2,-4.97989,0.215381,0.0536935,2.23866e-08,0.956505,7266.21,0.0715747,0.385492,0.683141,0.143985,1.42065
231,894.554,2,-4.97853,0.215189,0.0538994,2.23745e-08,0.956418,7267.61,0.0715117,0.385499,0.683498,0.14427,1.42108
232,871.592,2,-4.98098,0.215346,0.0543563,2.23758e-08,0.956534,7267.52,0.0713877,0.385627,0.684444,0.144456,1.42101
233,869.401,2,-4.97912,0.215245,0.0543294,2.23693e-08,0.956824,7269.05,0.0714807,0.385539,0.683764,0.144366,1.42086
234,861.771,2,-4.98094,0.214987,0.0541499,2.23747e-08,0.956609,7269.18,0.0714815,0.385287,0.683004,0.144505,1.42108
235,870.965,2,-4.98047,0.215003,0.0541655,2.23709e-08,0.956345,7270.9,0.0714794,0.385877,0.68329,0.144586,1.42068
236,866.858,2,-4.97755,0.214855,0.0542449,2.23698e-08,0.956475,7270.24,0.0715116,0.386027,0.684533,0.144495,1.42046
237,849.763,2,-4.97748,0.214988,0.0543065,2.23621e-08,0.95652,7274.04,0.0715694,0.385303,0.68504,0.144572,1.42018
238,876.274,2,-4.98162,0.21518,0.0545313,2.2346e-08,0.956602,7275.22,0.0716567,0.385133,0.685023,0.1444,1.42062
239,861.659,2,-4.98314,0.215266,0.0547168,2.2335e-08,0.956749,7274.45,0.0716995,0.384935,0.68502,0.144313,1.42098
240,847.869,2,-4.98339,0.215266,0.0548629,2.23384e-08,0.956834,7275.87,0.0717486,0.384617,0.685646,0.144319,1.42064
241,882.502,2,-4.98844,0.215644,0.0554316,2.23267e-08,0.956774,7274.49,0.0717045,0.384772,0.687276,0.144449,1.42026
242,874.013,2,-4.99413,0.21588,0.0559769,2.23232e-08,0.956697,7272.36,0.0718432,0.384889,0.687804,0.144282,1.42039
243,841.491,2,-4.99593,0.215668,0.0562598,2.23216e-08,0.956916,7274.28,0.0718392,0.384564,0.68817,0.144182,1.42073
244,815.747,2,-4.99466,0.215487,0.0562746,2.23186e-08,0.957296,7274.8,0.0717974,0.383844,0.688645,0.144026,1.42051
245,872.026,2,-4.98963,0.21528,0.0559226,2.23169e-08,0.957868,7277.42,0.0718708,0.384043,0.689415,0.14392,1.42084
246,869.763,2,-4.98876,0.215381,0.0557733,2.2317e-08,0.9583,7277.57,0.0718313,0.384227,0.689343,0.143854,1.42145
247,829.463,2,-4.98868,0.215412,0.0558168,2.2304e-08,0.958403,7277.53,0.0717076,0.384436,0.68864,0.143811,1.42165
248,842.492,2,-4.99055,0.215535,0.0558023,2.23073e-08,0.958571,7280.13,0.0716362,0.384655,0.688379,0.143859,1.42136
249,828.037,2,-4.99982,0.216093,0.0559263,2.22903e-08,0.958601,7280.45,0.0717094,0.384282,0.687864,0.143665,1.42072
250,822.339,2,-5.00167,0.216435,0.0559764,2.22679e-08,0.95874,7280.4,0.0716415,0.384206,0.687619,0.14339,1.42088
251,878.039,2,-5.00431,0.216715,0.0561464,2.22642e-08,0.958891,7280.29,0.0717018,0.384942,0.687613,0.143388,1.4204
252,839.027,2,-5.01047,0.21719,0.0565478,2.22568e-08,0.958778,7280.33,0.0716924,0.384724,0.687725,0.143426,1.41952
253,851.019,2,-5.01168,0.217305,0.0566339,2.22603e-08,0.959012,7278.35,0.0717084,0.384848,0.687513,0.143524,1.41901
254,864.583,2,-5.01257,0.217276,0.0571425,2.22429e-08,0.958888,7276.78,0.0717121,0.385038,0.687357,0.143547,1.4188
255,835.06,2,-5.01146,0.21725,0.0574565,2.22435e-08,0.958826,7277.09,0.0716505,0.385289,0.686734,0.143454,1.41864
256,856.445,2,-5.00687,0.216862,0.057429,2.22362e-08,0.958396,7276.66,0.0716102,0.385173,0.686618,0.143482,1.41877
257,906.422,2,-5.00645,0.216744,0.057731,2.22271e-08,0.958615,7274.58,0.0716084,0.385099,0.687601,0.143432,1.41929
258,865.849,2,-5.00458,0.216408,0.0577185,2.22242e-08,0.958479,7276.73,0.0715759,0.385453,0.687265,0.143485,1.41886
259,860.051,2,-5.00368,0.216458,0.0577765,2.22275e-08,0.958749,7276.25,0.0715593,0.385658,0.687628,0.143368,1.41888
260,855.569,2,-5.00761,0.216699,0.0580837,2.22096e-08,0.958694,7276.37,0.0715628,0.385755,0.688182,0.143245,1.41914
