tin_abscissa,tin_cdf,beta_abscissa,beta_cdf,delta_abscissa,delta_cdf,p_abscissa,p_cdf,split
-14.7857,0,6.43044e-09,0.000793651,0.18251,0.000793651,3465.41,0,All
-9.17481,0.000793651,7.31491e-09,0.0015873,0.218873,0.0015873,4398.16,0.000793651,All
-9.16184,0.0015873,7.9693e-09,0.00238095,0.227707,0.00238095,4679.13,0.0015873,All
-9.01934,0.00238095,8.17072e-09,0.0031746,0.237642,0.0031746,4797.53,0.00238095,All
-8.95763,0.0031746,8.39851e-09,0.00396825,0.24098,0.00396825,4804.16,0.0031746,All
-8.90267,0.00396825,8.79105e-09,0.0047619,0.247872,0.0047619,4948.53,0.00396825,All
-8.90267,0.0047619,8.81867e-09,0.00555556,0.248715,0.00555556,5042.28,0.0047619,All
-8.81905,0.00555556,8.8473e-09,0.00634921,0.262817,0.00634921,5129.71,0.00555556,All
-8.73992,0.00634921,9.03538e-09,0.00714286,0.284047,0.00714286,5139.91,0.00634921,All
-8.7227,0.00714286,9.53055e-09,0.00793651,0.284093,0.00793651,5168.47,0.00714286,All
-8.60861,0.00793651,9.54886e-09,0.00873016,0.284349,0.00873016,5169.79,0.00793651,All
-8.49402,0.00873016,9.56475e-09,0.00952381,0.287715,0.00952381,5172.41,0.00873016,All
-8.49402,0.00952381,9.58748e-09,0.0103175,0.302342,0.0103175,5194,0.00952381,All
-8.4744,0.0103175,9.59136e-09,0.0111111,0.304866,0.0111111,5197.52,0.0103175,All
-8.43603,0.0111111,9.69274e-09,0.0119048,0.305694,0.0119048,5198.93,0.0111111,All
-8.38222,0.0119048,9.76199e-09,0.0126984,0.311132,0.0126984,5210.22,0.0119048,All
-8.32768,0.0126984,9.91332e-09,0.0134921,0.31558,0.0134921,5216.98,0.0126984,All
-8.3163,0.0134921,9.9475e-09,0.0142857,0.316238,0.0142857,5251.38,0.0134921,All
-8.3163,0.0142857,1.00247e-08,0.0150794,0.319717,0.0150794,5278.34,0.0142857,All
-8.30552,0.0150794,1.00398e-08,0.015873,0.328672,0.015873,5281.1,0.0150794,All
-8.2986,0.015873,1.00742e-08,0.0166667,0.329543,0.0166667,5289.69,0.015873,All
-8.24862,0.0166667,1.00931e-08,0.0174603,0.333844,0.0174603,5297,0.0166667,All
-8.24127,0.0174603,1.0122e-08,0.018254,0.338896,0.018254,5310.04,0.0174603,All
-8.24127,0.018254,1.03247e-08,0.0190476,0.343932,0.0190476,5324.29,0.018254,All
-8.09857,0.0190476,1.0368e-08,0.0198413,0.350656,0.0198413,5338.66,0.0190476,All
-8.04487,0.0198413,1.0417e-08,0.0206349,0.351524,0.0206349,5342.06,0.0198413,All
-7.89981,0.0206349,1.04379e-08,0.0214286,0.355948,0.0214286,5374.91,0.0206349,All
-7.88532,0.0214286,1.05078e-08,0.0222222,0.356419,0.0222222,5407.92,0.0214286,All
-7.80137,0.0222222,1.06058e-08,0.0230159,0.358756,0.0230159,5414.56,0.0222222,All
-7.75134,0.0230159,1.06324e-08,0.0238095,0.359025,0.0238095,5420.27,0.0230159,All
-7.73695,0.0238095,1.06755e-08,0.0246032,0.365462,0.0246032,5432.78,0.0238095,All
-7.579,0.0246032,1.07497e-08,0.0253968,0.368429,0.0253968,5451.51,0.0246032,All
-7.13429,0.0253968,1.07969e-08,0.0261905,0.372523,0.0261905,5456.33,0.0253968,All
-6.84418,0.0261905,1.0845e-08,0.0269841,0.373054,0.0269841,5473.43,0.0261905,All
-6.83257,0.0269841,1.08521e-08,0.0277778,0.376895,0.0277778,5497.72,0.0269841,All
-6.5783,0.0277778,1.08554e-08,0.0285714,0.377867,0.0285714,5498.05,0.0277778,All
-6.56493,0.0285714,1.08979e-08,0.0293651,0.379567,0.0293651,5508.1,0.0285714,All
-6.56063,0.0293651,1.09463e-08,0.0301587,0.381182,0.0301587,5508.1,0.0293651,All
-6.56044,0.0301587,1.09796e-08,0.0309524,0.385966,0.0309524,5551.49,0.0301587,All
-6.45248,0.0309524,1.10296e-08,0.031746,0.386682,0.031746,5555.02,0.0309524,All
-6.43035,0.031746,1.11089e-08,0.0325397,0.388525,0.0325397,5557.67,0.031746,All
-6.40033,0.0325397,1.12114e-08,0.0333333,0.398585,0.0333333,5561.54,0.0325397,All
-6.38227,0.0333333,1.14073e-08,0.034127,0.399213,0.034127,5563.32,0.0333333,All
-6.34983,0.034127,1.14275e-08,0.0349206,0.399653,0.0349206,5579.19,0.034127,All
-6.26541,0.0349206,1.14658e-08,0.0357143,0.40076,0.0357143,5610.74,0.0349206,All
-6.23096,0.0357143,1.16551e-08,0.0365079,0.400937,0.0365079,5618.3,0.0357143,All
-6.07897,0.0365079,1.16605e-08,0.0373016,0.401529,0.0373016,5621.21,0.0365079,All
-6.04468,0.0373016,1.17329e-08,0.0380952,0.402365,0.0380952,5624.69,0.0373016,All
-6.03455,0.0380952,1.17717e-08,0.0388889,0.40255,0.0388889,5625.83,0.0380952,All
-6.02,0.0388889,1.17849e-08,0.0396825,0.405451,0.0396825,5639.9,0.0388889,All
-6.00391,0.0396825,1.17889e-08,0.0404762,0.407337,0.0404762,5643.59,0.0396825,All
-5.99688,0.0404762,1.18021e-08,0.0412698,0.40926,0.0412698,5652.76,0.0404762,All
-5.91414,0.0412698,1.18189e-08,0.0420635,0.410061,0.0420635,5654.53,0.0412698,All
-5.87933,0.0420635,1.18643e-08,0.0428571,0.410712,0.0428571,5655.1,0.0420635,All
-5.8722,0.0428571,1.19079e-08,0.0436508,0.413742,0.0436508,5671.29,0.0428571,All
-5.78683,0.0436508,1.19267e-08,0.0444444,0.41392,0.0444444,5676.16,0.0436508,All
-5.77161,0.0444444,1.19362e-08,0.0452381,0.413975,0.0452381,5681.77,0.0444444,All
-5.76479,0.0452381,1.19676e-08,0.0460317,0.415253,0.0460317,5685.1,0.0452381,All
-5.7396,0.0460317,1.20303e-08,0.0468254,0.420115,0.0468254,5712.96,0.0460317,All
-5.7319,0.0468254,1.20554e-08,0.047619,0.425133,0.047619,5719.37,0.0468254,All
-5.68486,0.047619,1.21003e-08,0.0484127,0.426689,0.0484127,5728.09,0.047619,All
-5.66325,0.0484127,1.21198e-08,0.0492063,0.429087,0.0492063,5733.51,0.0484127,All
-5.62207,0.0492063,1.2121e-08,0.05,0.429325,0.05,5736.9,0.0492063,All
-5.62006,0.05,1.21394e-08,0.0507937,0.433593,0.0507937,5738.62,0.05,All
-5.60451,0.0507937,1.21643e-08,0.0515873,0.433918,0.0515873,5745.65,0.0507937,All
-5.54882,0.0515873,1.22362e-08,0.052381,0.434002,0.052381,5746.79,0.0515873,All
-5.54044,0.052381,1.22493e-08,0.0531746,0.434595,0.0531746,5748.56,0.052381,All
-5.53314,0.0531746,1.23135e-08,0.0539683,0.43511,0.0539683,5754.17,0.0531746,All
-5.53056,0.0539683,1.23237e-08,0.0547619,0.43649,0.0547619,5754.38,0.0539683,All
-5.52574,0.0547619,1.23273e-08,0.0555556,0.438917,0.0555556,5769.98,0.0547619,All
-5.51913,0.0555556,1.23356e-08,0.0563492,0.440904,0.0563492,5770.19,0.0555556,All
-5.51913,0.0563492,1.24403e-08,0.0571429,0.442358,0.0571429,5789.05,0.0563492,All
-5.50932,0.0571429,1.24621e-08,0.0579365,0.44369,0.0579365,5789.38,0.0571429,All
-5.50289,0.0579365,1.24923e-08,0.0587302,0.443743,0.0587302,5798.94,0.0579365,All
-5.49654,0.0587302,1.25013e-08,0.0595238,0.444285,0.0595238,5799.02,0.0587302,All
-5.46018,0.0595238,1.26289e-08,0.0603175,0.448191,0.0603175,5800.88,0.0595238,All
-5.39816,0.0603175,1.2629e-08,0.0611111,0.452359,0.0611111,5801.01,0.0603175,All
-5.39326,0.0611111,1.26306e-08,0.0619048,0.453141,0.0619048,5815.03,0.0611111,All
-5.37974,0.0619048,1.26574e-08,0.0626984,0.454919,0.0626984,5816.22,0.0619048,All
-5.37974,0.0626984,1.27945e-08,0.0634921,0.455279,0.0634921,5817.46,0.0626984,All
-5.36998,0.0634921,1.28144e-08,0.0642857,0.457556,0.0642857,5846.21,0.0634921,All
-5.36475,0.0642857,1.28389e-08,0.0650794,0.45779,0.0650794,5846.27,0.0642857,All
-5.35291,0.0650794,1.28975e-08,0.065873,0.458979,0.065873,5860.65,0.0650794,All
-5.346,0.065873,1.29093e-08,0.0666667,0.464755,0.0666667,5863.78,0.065873,All
-5.31275,0.0666667,1.29748e-08,0.0674603,0.464916,0.0674603,5870.05,0.0666667,All
-5.30629,0.0674603,1.29777e-08,0.068254,0.466889,0.068254,5875.48,0.0674603,All
-5.30542,0.068254,1.29796e-08,0.0690476,0.467889,0.0690476,5876.34,0.068254,All
-5.30113,0.0690476,1.29911e-08,0.0698413,0.468046,0.0698413,5879.13,0.0690476,All
-5.2922,0.0698413,1.30174e-08,0.0706349,0.468804,0.0706349,5884.07,0.0698413,All
-5.2697,0.0706349,1.31104e-08,0.0714286,0.472339,0.0714286,5897.94,0.0706349,All
-5.26571,0.0714286,1.31238e-08,0.0722222,0.474473,0.0722222,5899.6,0.0714286,All
-5.26066,0.0722222,1.31324e-08,0.0730159,0.47528,0.0730159,5899.91,0.0722222,All
-5.25225,0.0730159,1.31526e-08,0.0738095,0.477359,0.0738095,5908.17,0.0730159,All
-5.24702,0.0738095,1.32064e-08,0.0746032,0.477558,0.0746032,5917.89,0.0738095,All
-5.24413,0.0746032,1.3361e-08,0.0753968,0.477827,0.0753968,5924.76,0.0746032,All
-5.22576,0.0753968,1.3369e-08,0.0761905,0.479627,0.0761905,5925.87,0.0753968,All
-5.21066,0.0761905,1.33812e-08,0.0769841,0.47974,0.0769841,5930.71,0.0761905,All
-5.20423,0.0769841,1.34277e-08,0.0777778,0.481255,0.0777778,5934.37,0.0769841,All
-5.17324,0.0777778,1.34552e-08,0.0785714,0.48173,0.0785714,5935.23,0.0777778,All
-5.1658,0.0785714,1.34744e-08,0.0793651,0.483151,0.0793651,5940.22,0.0785714,All
-5.15984,0.0793651,1.34828e-08,0.0801587,0.490271,0.0801587,5948.29,0.0793651,All
-5.15559,0.0801587,1.3538e-08,0.0809524,0.490545,0.0809524,5959.73,0.0801587,All
-5.14819,0.0809524,1.35564e-08,0.081746,0.493139,0.081746,5959.87,0.0809524,All
-5.14563,0.081746,1.35645e-08,0.0825397,0.494492,0.0825397,5960.36,0.081746,All
-5.14482,0.0825397,1.35819e-08,0.0833333,0.495203,0.0833333,5962.19,0.0825397,All
-5.13056,0.0833333,1.35949e-08,0.084127,0.495373,0.084127,5968.85,0.0833333,All
-5.12856,0.084127,1.36169e-08,0.0849206,0.497739,0.0849206,5986.94,0.084127,All
-5.1106,0.0849206,1.36221e-08,0.0857143,0.497848,0.0857143,6001.19,0.0849206,All
-5.10849,0.0857143,1.36273e-08,0.0865079,0.501855,0.0865079,6005.9,0.0857143,All
-5.10181,0.0865079,1.36568e-08,0.0873016,0.505347,0.0873016,6010.67,0.0865079,All
-5.09576,0.0873016,1.37056e-08,0.0880952,0.506449,0.0880952,6011.88,0.0873016,All
-5.08646,0.0880952,1.37248e-08,0.0888889,0.506667,0.0888889,6011.91,0.0880952,All
-5.05758,0.0888889,1.37292e-08,0.0896825,0.510569,0.0896825,6018.87,0.0888889,All
-5.05649,0.0896825,1.37334e-08,0.0904762,0.511693,0.0904762,6021.42,0.0896825,All
-5.03378,0.0904762,1.37436e-08,0.0912698,0.514474,0.0912698,6022.01,0.0904762,All
-5.02478,0.0912698,1.37467e-08,0.0920635,0.514583,0.0920635,6023.15,0.0912698,All
-5.02444,0.0920635,1.3785e-08,0.0928571,0.515732,0.0928571,6023.28,0.0920635,All
-5.023,0.0928571,1.3811e-08,0.0936508,0.516065,0.0936508,6028.33,0.0928571,All
-5.00413,0.0936508,1.38426e-08,0.0944444,0.516193,0.0944444,6031.54,0.0936508,All
-4.99423,0.0944444,1.38426e-08,0.0952381,0.51633,0.0952381,6032.52,0.0944444,All
-4.97242,0.0952381,1.38434e-08,0.0960317,0.516341,0.0960317,6040.75,0.0952381,All
-4.96549,0.0960317,1.38438e-08,0.0968254,0.516856,0.0968254,6050.37,0.0960317,All
-4.94903,0.0968254,1.3888e-08,0.097619,0.517817,0.097619,6060.02,0.0968254,All
-4.94553,0.097619,1.38888e-08,0.0984127,0.518355,0.0984127,6060.4,0.097619,All
-4.94017,0.0984127,1.39026e-08,0.0992063,0.518903,0.0992063,6073.66,0.0984127,All
-4.91885,0.0992063,1.39051e-08,0.1,0.519005,0.1,6075.37,0.0992063,All
-4.91496,0.1,1.39226e-08,0.100794,0.519157,0.100794,6075.99,0.1,All
-4.90646,0.100794,1.39359e-08,0.101587,0.520398,0.101587,6079.68,0.100794,All
-4.90586,0.101587,1.39453e-08,0.102381,0.522205,0.102381,6081.98,0.101587,All
-4.90168,0.102381,1.39496e-08,0.103175,0.524936,0.103175,6086.58,0.102381,All
-4.8881,0.103175,1.39673e-08,0.103968,0.525814,0.103968,6096.25,0.103175,All
-4.8867,0.103968,1.39931e-08,0.104762,0.525821,0.104762,6111.11,0.103968,All
-4.88216,0.104762,1.39958e-08,0.105556,0.528013,0.105556,6117.96,0.104762,All
-4.84532,0.105556,1.40827e-08,0.106349,0.530566,0.106349,6126.19,0.105556,All
-4.84057,0.106349,1.41438e-08,0.107143,0.531096,0.107143,6126.73,0.106349,All
-4.83999,0.107143,1.41712e-08,0.107937,0.532346,0.107937,6127.55,0.107143,All
-4.79544,0.107937,1.42172e-08,0.10873,0.53551,0.10873,6128.27,0.107937,All
-4.7918,0.10873,1.42256e-08,0.109524,0.535728,0.109524,6136.11,0.10873,All
-4.79055,0.109524,1.42509e-08,0.110317,0.537205,0.110317,6136.17,0.109524,All
-4.76434,0.110317,1.42919e-08,0.111111,0.543515,0.111111,6141.49,0.110317,All
-4.74549,0.111111,1.43062e-08,0.111905,0.543657,0.111905,6145.49,0.111111,All
-4.72741,0.111905,1.43473e-08,0.112698,0.54622,0.112698,6151.65,0.111905,All
-4.71375,0.112698,1.43636e-08,0.113492,0.548037,0.113492,6151.88,0.112698,All
-4.70682,0.113492,1.43756e-08,0.114286,0.548075,0.114286,6152.3,0.113492,All
-4.70301,0.114286,1.44001e-08,0.115079,0.54947,0.115079,6152.98,0.114286,All
-4.70015,0.115079,1.4434e-08,0.115873,0.550613,0.115873,6154.14,0.115079,All
-4.69364,0.115873,1.44402e-08,0.116667,0.550736,0.116667,6155.02,0.115873,All
-4.69208,0.116667,1.446e-08,0.11746,0.552161,0.11746,6162.25,0.116667,All
-4.69208,0.11746,1.44955e-08,0.118254,0.553172,0.118254,6162.61,0.11746,All
-4.65566,0.118254,1.4519e-08,0.119048,0.553324,0.119048,6163.15,0.118254,All
-4.647,0.119048,1.45348e-08,0.119841,0.553502,0.119841,6165.31,0.119048,All
-4.6442,0.119841,1.45428e-08,0.120635,0.55417,0.120635,6180.65,0.119841,All
-4.64159,0.120635,1.4556e-08,0.121429,0.556359,0.121429,6182.77,0.120635,All
-4.62595,0.121429,1.45819e-08,0.122222,0.558379,0.122222,6191.15,0.121429,All
-4.61708,0.122222,1.45948e-08,0.123016,0.558547,0.123016,6192.17,0.122222,All
-4.60793,0.123016,1.46392e-08,0.12381,0.559045,0.12381,6193.01,0.123016,All
-4.60632,0.12381,1.464e-08,0.124603,0.561317,0.124603,6195.49,0.12381,All
-4.60624,0.124603,1.46621e-08,0.125397,0.562293,0.125397,6199.83,0.124603,All
-4.57684,0.125397,1.46711e-08,0.12619,0.562562,0.12619,6200.04,0.125397,All
-4.57333,0.12619,1.46746e-08,0.126984,0.563132,0.126984,6202.31,0.12619,All
-4.54376,0.126984,1.47114e-08,0.127778,0.563896,0.127778,6202.89,0.126984,All
-4.54116,0.127778,1.47698e-08,0.128571,0.564238,0.128571,6209.13,0.127778,All
-4.53998,0.128571,1.47812e-08,0.129365,0.564393,0.129365,6212.98,0.128571,All
-4.53954,0.129365,1.47988e-08,0.130159,0.565242,0.130159,6215.35,0.129365,All
-4.5286,0.130159,1.47988e-08,0.130952,0.565826,0.130952,6215.76,0.130159,All
-4.528,0.130952,1.48275e-08,0.131746,0.565922,0.131746,6217.57,0.130952,All
-4.51339,0.131746,1.48341e-08,0.13254,0.566332,0.13254,6221.86,0.131746,All
-4.50526,0.13254,1.48534e-08,0.133333,0.567341,0.133333,6222.03,0.13254,All
-4.50526,0.133333,1.48613e-08,0.134127,0.567803,0.134127,6222.15,0.133333,All
-4.50061,0.134127,1.48679e-08,0.134921,0.568998,0.134921,6224.45,0.134127,All
-4.49811,0.134921,1.48945e-08,0.135714,0.570665,0.135714,6228.13,0.134921,All
-4.49506,0.135714,1.48957e-08,0.136508,0.570773,0.136508,6228.24,0.135714,All
-4.48245,0.136508,1.49003e-08,0.137302,0.571155,0.137302,6229.65,0.136508,All
-4.48245,0.137302,1.49074e-08,0.138095,0.572475,0.138095,6230.27,0.137302,All
-4.47593,0.138095,1.49621e-08,0.138889,0.574059,0.138889,6234.02,0.138095,All
-4.4504,0.138889,1.49715e-08,0.139683,0.5749,0.139683,6235.54,0.138889,All
-4.45036,0.139683,1.49842e-08,0.140476,0.575678,0.140476,6238.4,0.139683,All
-4.44023,0.140476,1.50165e-08,0.14127,0.576085,0.14127,6240.1,0.140476,All
-4.42124,0.14127,1.50172e-08,0.142063,0.583578,0.142063,6241.61,0.14127,All
-4.4151,0.142063,1.50217e-08,0.142857,0.585003,0.142857,6247.44,0.142063,All
-4.41454,0.142857,1.50383e-08,0.143651,0.585503,0.143651,6250.21,0.142857,All
-4.40464,0.143651,1.50489e-08,0.144444,0.586416,0.144444,6253.95,0.143651,All
-4.38871,0.144444,1.50703e-08,0.145238,0.587526,0.145238,6264.85,0.144444,All
-4.38557,0.145238,1.50787e-08,0.146032,0.588095,0.146032,6270.19,0.145238,All
-4.3855,0.146032,1.51168e-08,0.146825,0.588799,0.146825,6270.5,0.146032,All
-4.38291,0.146825,1.51239e-08,0.147619,0.588855,0.147619,6273.79,0.146825,All
-4.3747,0.147619,1.51441e-08,0.148413,0.590657,0.148413,6274.97,0.147619,All
-4.35823,0.148413,1.5164e-08,0.149206,0.591,0.149206,6275.01,0.148413,All
-4.35578,0.149206,1.51686e-08,0.15,0.592299,0.15,6275.86,0.149206,All
-4.33532,0.15,1.51782e-08,0.150794,0.59305,0.150794,6279.17,0.15,All
-4.31793,0.150794,1.51843e-08,0.151587,0.595563,0.151587,6279.41,0.150794,All
-4.30598,0.151587,1.51904e-08,0.152381,0.595567,0.152381,6289.14,0.151587,All
-4.29802,0.152381,1.51915e-08,0.153175,0.596082,0.153175,6293.2,0.152381,All
-4.29737,0.153175,1.52203e-08,0.153968,0.596572,0.153968,6293.33,0.153175,All
-4.26621,0.153968,1.52272e-08,0.154762,0.597557,0.154762,6295.66,0.153968,All
-4.26276,0.154762,1.52379e-08,0.155556,0.600955,0.155556,6297.97,0.154762,All
-4.25834,0.155556,1.52491e-08,0.156349,0.601217,0.156349,6300.62,0.155556,All
-4.2517,0.156349,1.52522e-08,0.157143,0.601293,0.157143,6301.67,0.156349,All
-4.23406,0.157143,1.52528e-08,0.157937,0.605066,0.157937,6302.64,0.157143,All
-4.22728,0.157937,1.52544e-08,0.15873,0.605282,0.15873,6303.29,0.157937,All
-4.20974,0.15873,1.52671e-08,0.159524,0.605464,0.159524,6311.04,0.15873,All
-4.20213,0.159524,1.52712e-08,0.160317,0.605903,0.160317,6320.09,0.159524,All
-4.20009,0.160317,1.52823e-08,0.161111,0.607286,0.161111,6323.41,0.160317,All
-4.19733,0.161111,1.52837e-08,0.161905,0.607422,0.161905,6327.47,0.161111,All
-4.18434,0.161905,1.52862e-08,0.162698,0.607702,0.162698,6329.27,0.161905,All
-4.17851,0.162698,1.53144e-08,0.163492,0.608484,0.163492,6338.52,0.162698,All
-4.17851,0.163492,1.53226e-08,0.164286,0.609304,0.164286,6340.77,0.163492,All
-4.17396,0.164286,1.53249e-08,0.165079,0.610523,0.165079,6343.08,0.164286,All
-4.16483,0.165079,1.53664e-08,0.165873,0.612117,0.165873,6344.18,0.165079,All
-4.15843,0.165873,1.53798e-08,0.166667,0.612784,0.166667,6344.61,0.165873,All
-4.15783,0.166667,1.54234e-08,0.16746,0.613988,0.16746,6349.11,0.166667,All
-4.15111,0.16746,1.54403e-08,0.168254,0.615994,0.168254,6350.87,0.16746,All
-4.10545,0.168254,1.5519e-08,0.169048,0.618482,0.169048,6351.77,0.168254,All
-4.09457,0.169048,1.55661e-08,0.169841,0.619847,0.169841,6353.88,0.169048,All
-4.08658,0.169841,1.55699e-08,0.170635,0.61994,0.170635,6358.1,0.169841,All
-4.07226,0.170635,1.55767e-08,0.171429,0.620592,0.171429,6363.85,0.170635,All
-4.06592,0.171429,1.55795e-08,0.172222,0.623626,0.172222,6364.76,0.171429,All
-4.06399,0.172222,1.5596e-08,0.173016,0.623738,0.173016,6366.29,0.172222,All
-4.06399,0.173016,1.56032e-08,0.17381,0.624559,0.17381,6370.54,0.173016,All
-4.04809,0.17381,1.56157e-08,0.174603,0.624865,0.174603,6373.67,0.17381,All
-4.04404,0.174603,1.56651e-08,0.175397,0.62495,0.175397,6381,0.174603,All
-4.02427,0.175397,1.56683e-08,0.17619,0.627825,0.17619,6383.41,0.175397,All
-4.02273,0.17619,1.57734e-08,0.176984,0.628264,0.176984,6391.77,0.17619,All
-4.02084,0.176984,1.57803e-08,0.177778,0.629616,0.177778,6393.6,0.176984,All
-4.0099,0.177778,1.58099e-08,0.178571,0.629847,0.178571,6398.33,0.177778,All
-3.95583,0.178571,1.58335e-08,0.179365,0.631069,0.179365,6401.44,0.178571,All
-3.95202,0.179365,1.58339e-08,0.180159,0.63207,0.180159,6411.32,0.179365,All
-3.9452,0.180159,1.58403e-08,0.180952,0.633102,0.180952,6411.82,0.180159,All
-3.94077,0.180952,1.58425e-08,0.181746,0.633161,0.181746,6414.48,0.180952,All
-3.93487,0.181746,1.58631e-08,0.18254,0.633161,0.18254,6414.84,0.181746,All
-3.93034,0.18254,1.59073e-08,0.183333,0.63449,0.183333,6416.26,0.18254,All
-3.92472,0.183333,1.59242e-08,0.184127,0.634995,0.184127,6416.56,0.183333,All
-3.90839,0.184127,1.59436e-08,0.184921,0.635288,0.184921,6427.28,0.184127,All
-3.9034,0.184921,1.59584e-08,0.185714,0.636684,0.185714,6434.83,0.184921,All
-3.89976,0.185714,1.59595e-08,0.186508,0.637284,0.186508,6448.12,0.185714,All
-3.89936,0.186508,1.59625e-08,0.187302,0.637679,0.187302,6453.56,0.186508,All
-3.89484,0.187302,1.59727e-08,0.188095,0.639668,0.188095,6454.49,0.187302,All
-3.89085,0.188095,1.59825e-08,0.188889,0.639767,0.188889,6456.29,0.188095,All
-3.87418,0.188889,1.59942e-08,0.189683,0.640905,0.189683,6459.5,0.188889,All
-3.87361,0.189683,1.60151e-08,0.190476,0.64136,0.190476,6467.5,0.189683,All
-3.86073,0.190476,1.6041e-08,0.19127,0.641838,0.19127,6468.36,0.190476,All
-3.85263,0.19127,1.60497e-08,0.192063,0.643369,0.192063,6468.5,0.19127,All
-3.84802,0.192063,1.60794e-08,0.192857,0.645988,0.192857,6469.92,0.192063,All
-3.83577,0.192857,1.60911e-08,0.193651,0.647839,0.193651,6473.77,0.192857,All
-3.83278,0.193651,1.61081e-08,0.194444,0.649758,0.194444,6474.14,0.193651,All
-3.83188,0.194444,1.61244e-08,0.195238,0.649984,0.195238,6474.82,0.194444,All
-3.83006,0.195238,1.61556e-08,0.196032,0.650134,0.196032,6475.63,0.195238,All
-3.81292,0.196032,1.61611e-08,0.196825,0.65027,0.196825,6476.05,0.196032,All
-3.80587,0.196825,1.61698e-08,0.197619,0.650447,0.197619,6477.01,0.196825,All
-3.7905,0.197619,1.61717e-08,0.198413,0.651576,0.198413,6479.15,0.197619,All
-3.78901,0.198413,1.61717e-08,0.199206,0.655264,0.199206,6479.66,0.198413,All
-3.77936,0.199206,1.61717e-08,0.2,0.656703,0.2,6481.4,0.199206,All
-3.77034,0.2,1.61776e-08,0.200794,0.659155,0.200794,6481.68,0.2,All
-3.75977,0.200794,1.61854e-08,0.201587,0.662419,0.201587,6483.35,0.200794,All
-3.72542,0.201587,1.6214e-08,0.202381,0.664206,0.202381,6483.94,0.201587,All
-3.72068,0.202381,1.62194e-08,0.203175,0.66449,0.203175,6485.76,0.202381,All
-3.71333,0.203175,1.62285e-08,0.203968,0.665537,0.203968,6486.65,0.203175,All
-3.68219,0.203968,1.62288e-08,0.204762,0.666499,0.204762,6489.93,0.203968,All
-3.66089,0.204762,1.62515e-08,0.205556,0.667797,0.205556,6493.18,0.204762,All
-3.6558,0.205556,1.62551e-08,0.206349,0.6686,0.206349,6494.91,0.205556,All
-3.6546,0.206349,1.62685e-08,0.207143,0.669011,0.207143,6496.79,0.206349,All
-3.64886,0.207143,1.63016e-08,0.207937,0.670032,0.207937,6496.8,0.207143,All
-3.64353,0.207937,1.63282e-08,0.20873,0.670623,0.20873,6502.35,0.207937,All
-3.64133,0.20873,1.63667e-08,0.209524,0.671884,0.209524,6503.73,0.20873,All
-3.63959,0.209524,1.64164e-08,0.210317,0.673555,0.210317,6507.11,0.209524,All
-3.63921,0.210317,1.64284e-08,0.211111,0.674574,0.211111,6508.04,0.210317,All
-3.63735,0.211111,1.6447e-08,0.211905,0.675201,0.211905,6510.21,0.211111,All
-3.61475,0.211905,1.64645e-08,0.212698,0.67542,0.212698,6512.48,0.211905,All
-3.60857,0.212698,1.6479e-08,0.213492,0.67555,0.213492,6512.98,0.212698,All
-3.60605,0.213492,1.648e-08,0.214286,0.676399,0.214286,6513.78,0.213492,All
-3.5847,0.214286,1.64974e-08,0.215079,0.676471,0.215079,6515.64,0.214286,All
-3.57561,0.215079,1.65226e-08,0.215873,0.677313,0.215873,6517.49,0.215079,All
-3.5708,0.215873,1.65432e-08,0.216667,0.678767,0.216667,6522.35,0.215873,All
-3.56554,0.216667,1.66086e-08,0.21746,0.679126,0.21746,6526.51,0.216667,All
-3.54243,0.21746,1.66087e-08,0.218254,0.67967,0.218254,6527.27,0.21746,All
-3.5423,0.218254,1.66197e-08,0.219048,0.681205,0.219048,6527.8,0.218254,All
-3.53516,0.219048,1.66544e-08,0.219841,0.68243,0.219841,6528.4,0.219048,All
-3.52837,0.219841,1.6658e-08,0.220635,0.682529,0.220635,6533.68,0.219841,All
-3.52281,0.220635,1.66671e-08,0.221429,0.682545,0.221429,6535.43,0.220635,All
-3.51751,0.221429,1.6679e-08,0.222222,0.682671,0.222222,6535.99,0.221429,All
-3.50743,0.222222,1.66829e-08,0.223016,0.682847,0.223016,6540.35,0.222222,All
-3.49996,0.223016,1.6705e-08,0.22381,0.683101,0.22381,6543.23,0.223016,All
-3.48708,0.22381,1.67239e-08,0.224603,0.683211,0.224603,6548.19,0.22381,All
-3.48607,0.224603,1.67648e-08,0.225397,0.68334,0.225397,6550.76,0.224603,All
-3.47085,0.225397,1.6787e-08,0.22619,0.684675,0.22619,6552.47,0.225397,All
-3.47081,0.22619,1.68e-08,0.226984,0.68497,0.226984,6555.36,0.22619,All
-3.45813,0.226984,1.68195e-08,0.227778,0.68497,0.227778,6557.49,0.226984,All
-3.43989,0.227778,1.68283e-08,0.228571,0.686124,0.228571,6558.25,0.227778,All
-3.43027,0.228571,1.68365e-08,0.229365,0.686477,0.229365,6563.42,0.228571,All
-3.41922,0.229365,1.68468e-08,0.230159,0.687077,0.230159,6570.4,0.229365,All
-3.41803,0.230159,1.68651e-08,0.230952,0.688178,0.230952,6572.26,0.230159,All
-3.41803,0.230952,1.68872e-08,0.231746,0.688279,0.231746,6572.66,0.230952,All
-3.40131,0.231746,1.69038e-08,0.23254,0.689312,0.23254,6574.29,0.231746,All
-3.39098,0.23254,1.69126e-08,0.233333,0.689326,0.233333,6576.03,0.23254,All
-3.38855,0.233333,1.692e-08,0.234127,0.68983,0.234127,6579.36,0.233333,All
-3.3773,0.234127,1.69312e-08,0.234921,0.690837,0.234921,6580.67,0.234127,All
-3.37361,0.234921,1.69386e-08,0.235714,0.691868,0.235714,6580.92,0.234921,All
-3.36769,0.235714,1.69401e-08,0.236508,0.694607,0.236508,6583.2,0.235714,All
-3.36008,0.236508,1.69677e-08,0.237302,0.695318,0.237302,6583.29,0.236508,All
-3.36008,0.237302,1.69738e-08,0.238095,0.695544,0.238095,6584.31,0.237302,All
-3.35142,0.238095,1.69945e-08,0.238889,0.696599,0.238889,6584.41,0.238095,All
-3.34046,0.238889,1.70067e-08,0.239683,0.696629,0.239683,6586.06,0.238889,All
-3.33864,0.239683,1.70127e-08,0.240476,0.699101,0.240476,6592.66,0.239683,All
-3.33657,0.240476,1.70302e-08,0.24127,0.700931,0.24127,6593.63,0.240476,All
-3.32866,0.24127,1.70791e-08,0.242063,0.702031,0.242063,6597.13,0.24127,All
-3.31631,0.242063,1.70926e-08,0.242857,0.702354,0.242857,6597.26,0.242063,All
-3.31076,0.242857,1.71199e-08,0.243651,0.707024,0.243651,6597.37,0.242857,All
-3.30307,0.243651,1.71276e-08,0.244444,0.707722,0.244444,6599.58,0.243651,All
-3.3018,0.244444,1.71356e-08,0.245238,0.717348,0.245238,6603.67,0.244444,All
-3.299,0.245238,1.71625e-08,0.246032,0.719758,0.246032,6606.48,0.245238,All
-3.2942,0.246032,1.71766e-08,0.246825,0.722138,0.246825,6619.41,0.246032,All
-3.2809,0.246825,1.71827e-08,0.247619,0.723526,0.247619,6621.08,0.246825,All
-3.27651,0.247619,1.7225e-08,0.248413,0.723561,0.248413,6623.54,0.247619,All
-3.27482,0.248413,1.72455e-08,0.249206,0.723563,0.249206,6626.49,0.248413,All
-3.26925,0.249206,1.72511e-08,0.25,0.72387,0.25,6628.62,0.249206,All
-3.26194,0.25,1.72555e-08,0.250794,0.724343,0.250794,6629.09,0.25,All
-3.25904,0.250794,1.72633e-08,0.251587,0.724472,0.251587,6629.28,0.250794,All
-3.24944,0.251587,1.72644e-08,0.252381,0.724695,0.252381,6629.28,0.251587,All
-3.2429,0.252381,1.7289e-08,0.253175,0.725557,0.253175,6630.54,0.252381,All
-3.23589,0.253175,1.7304e-08,0.253968,0.72573,0.253968,6631.17,0.253175,All
-3.23046,0.253968,1.7313e-08,0.254762,0.727323,0.254762,6632.72,0.253968,All
-3.21858,0.254762,1.73147e-08,0.255556,0.72879,0.255556,6634.51,0.254762,All
-3.21636,0.255556,1.73348e-08,0.256349,0.729161,0.256349,6639.89,0.255556,All
-3.21226,0.256349,1.73862e-08,0.257143,0.730914,0.257143,6641.11,0.256349,All
-3.18331,0.257143,1.73902e-08,0.257937,0.730932,0.257937,6643.11,0.257143,All
-3.18072,0.257937,1.74061e-08,0.25873,0.731354,0.25873,6646.16,0.257937,All
-3.17754,0.25873,1.7415e-08,0.259524,0.731813,0.259524,6646.73,0.25873,All
-3.16649,0.259524,1.74715e-08,0.260317,0.732381,0.260317,6646.9,0.259524,All
-3.14763,0.260317,1.74764e-08,0.261111,0.733805,0.261111,6647.25,0.260317,All
-3.1354,0.261111,1.74956e-08,0.261905,0.73384,0.261905,6649.73,0.261111,All
-3.13027,0.261905,1.75082e-08,0.262698,0.735126,0.262698,6655.55,0.261905,All
-3.12314,0.262698,1.75354e-08,0.263492,0.735673,0.263492,6656.53,0.262698,All
-3.12227,0.263492,1.75582e-08,0.264286,0.736611,0.264286,6657.57,0.263492,All
-3.11,0.264286,1.75582e-08,0.265079,0.737128,0.265079,6663.38,0.264286,All
-3.09021,0.265079,1.76613e-08,0.265873,0.739263,0.265873,6664.53,0.265079,All
-3.08579,0.265873,1.7673e-08,0.266667,0.739441,0.266667,6669.87,0.265873,All
-3.08451,0.266667,1.76783e-08,0.26746,0.739866,0.26746,6670.19,0.266667,All
-3.08383,0.26746,1.76789e-08,0.268254,0.740315,0.268254,6672.96,0.26746,All
-3.08259,0.268254,1.76839e-08,0.269048,0.740315,0.269048,6681.89,0.268254,All
-3.08251,0.269048,1.77006e-08,0.269841,0.741108,0.269841,6684.48,0.269048,All
-3.0799,0.269841,1.77023e-08,0.270635,0.741334,0.270635,6684.65,0.269841,All
-3.07503,0.270635,1.77426e-08,0.271429,0.741922,0.271429,6686.7,0.270635,All
-3.07327,0.271429,1.775e-08,0.272222,0.742311,0.272222,6686.75,0.271429,All
-3.07211,0.272222,1.77568e-08,0.273016,0.742694,0.273016,6687.52,0.272222,All
-3.06514,0.273016,1.77593e-08,0.27381,0.742869,0.27381,6688.02,0.273016,All
-3.05996,0.27381,1.77597e-08,0.274603,0.743343,0.274603,6691.69,0.27381,All
-3.05948,0.274603,1.77723e-08,0.275397,0.743921,0.275397,6694.37,0.274603,All
-3.05666,0.275397,1.77887e-08,0.27619,0.746076,0.27619,6694.37,0.275397,All
-3.04846,0.27619,1.78074e-08,0.276984,0.746534,0.276984,6696.91,0.27619,All
-3.04725,0.276984,1.78109e-08,0.277778,0.747036,0.277778,6699.03,0.276984,All
-3.04382,0.277778,1.78123e-08,0.278571,0.747319,0.278571,6699.47,0.277778,All
-3.04077,0.278571,1.78336e-08,0.279365,0.748236,0.279365,6699.87,0.278571,All
-3.03081,0.279365,1.78391e-08,0.280159,0.749858,0.280159,6701.97,0.279365,All
-3.03078,0.280159,1.78606e-08,0.280952,0.750161,0.280952,6704.09,0.280159,All
-3.03035,0.280952,1.78615e-08,0.281746,0.750335,0.281746,6707.48,0.280952,All
-3.02658,0.281746,1.78628e-08,0.28254,0.751063,0.28254,6708.18,0.281746,All
-3.01416,0.28254,1.79024e-08,0.283333,0.751921,0.283333,6712.52,0.28254,All
-3.01332,0.283333,1.79113e-08,0.284127,0.752221,0.284127,6714.22,0.283333,All
-3.00833,0.284127,1.79221e-08,0.284921,0.752951,0.284921,6715.57,0.284127,All
-3.00562,0.284921,1.79817e-08,0.285714,0.753598,0.285714,6716.27,0.284921,All
-3.00067,0.285714,1.79917e-08,0.286508,0.754859,0.286508,6723.92,0.285714,All
-2.99805,0.286508,1.80247e-08,0.287302,0.756989,0.287302,6728.55,0.286508,All
-2.99802,0.287302,1.80349e-08,0.288095,0.757838,0.288095,6729.84,0.287302,All
-2.98486,0.288095,1.8048e-08,0.288889,0.758312,0.288889,6730.2,0.288095,All
-2.98481,0.288889,1.80603e-08,0.289683,0.758607,0.289683,6735.72,0.288889,All
-2.97951,0.289683,1.80642e-08,0.290476,0.759017,0.290476,6743.48,0.289683,All
-2.97031,0.290476,1.80675e-08,0.29127,0.759163,0.29127,6746.88,0.290476,All
-2.96953,0.29127,1.80715e-08,0.292063,0.759623,0.292063,6749.84,0.29127,All
-2.96576,0.292063,1.808e-08,0.292857,0.760776,0.292857,6751.3,0.292063,All
-2.95326,0.292857,1.80845e-08,0.293651,0.761534,0.293651,6754.04,0.292857,All
-2.9444,0.293651,1.80929e-08,0.294444,0.762221,0.294444,6754.67,0.293651,All
-2.93171,0.294444,1.80948e-08,0.295238,0.762299,0.295238,6755.93,0.294444,All
-2.92843,0.295238,1.80973e-08,0.296032,0.76239,0.296032,6758.28,0.295238,All
-2.92833,0.296032,1.82162e-08,0.296825,0.762675,0.296825,6758.71,0.296032,All
-2.92712,0.296825,1.82401e-08,0.297619,0.762804,0.297619,6759.59,0.296825,All
-2.91718,0.297619,1.82438e-08,0.298413,0.764327,0.298413,6760.03,0.297619,All
-2.91201,0.298413,1.82442e-08,0.299206,0.765091,0.299206,6760.77,0.298413,All
-2.91079,0.299206,1.82501e-08,0.3,0.76837,0.3,6761.22,0.299206,All
-2.89803,0.3,1.82628e-08,0.300794,0.770167,0.300794,6764.48,0.3,All
-2.89004,0.300794,1.82692e-08,0.301587,0.770477,0.301587,6771.36,0.300794,All
-2.89004,0.301587,1.82979e-08,0.302381,0.770696,0.302381,6771.85,0.301587,All
-2.88426,0.302381,1.83626e-08,0.303175,0.774039,0.303175,6773.92,0.302381,All
-2.86684,0.303175,1.83908e-08,0.303968,0.774971,0.303968,6774.51,0.303175,All
-2.86496,0.303968,1.83975e-08,0.304762,0.775868,0.304762,6775.39,0.303968,All
-2.86129,0.304762,1.84484e-08,0.305556,0.776218,0.305556,6776.56,0.304762,All
-2.85088,0.305556,1.84573e-08,0.306349,0.77849,0.306349,6776.9,0.305556,All
-2.84768,0.306349,1.84764e-08,0.307143,0.778961,0.307143,6778.71,0.306349,All
-2.83985,0.307143,1.84781e-08,0.307937,0.780337,0.307937,6779.07,0.307143,All
-2.83189,0.307937,1.84813e-08,0.30873,0.783416,0.30873,6779.76,0.307937,All
-2.81954,0.30873,1.8507e-08,0.309524,0.783751,0.309524,6781.25,0.30873,All
-2.81853,0.309524,1.85287e-08,0.310317,0.785073,0.310317,6784.31,0.309524,All
-2.7918,0.310317,1.85568e-08,0.311111,0.785573,0.311111,6784.56,0.310317,All
-2.78719,0.311111,1.85761e-08,0.311905,0.78618,0.311905,6788.39,0.311111,All
-2.78625,0.311905,1.86662e-08,0.312698,0.786725,0.312698,6788.47,0.311905,All
-2.78071,0.312698,1.86669e-08,0.313492,0.786979,0.313492,6789.79,0.312698,All
-2.77591,0.313492,1.86704e-08,0.314286,0.787471,0.314286,6791.25,0.313492,All
-2.77472,0.314286,1.86718e-08,0.315079,0.78756,0.315079,6792.23,0.314286,All
-2.7683,0.315079,1.86733e-08,0.315873,0.788536,0.315873,6794.47,0.315079,All
-2.76746,0.315873,1.86743e-08,0.316667,0.789144,0.316667,6795.48,0.315873,All
-2.74905,0.316667,1.87017e-08,0.31746,0.789686,0.31746,6795.91,0.316667,All
-2.7271,0.31746,1.87065e-08,0.318254,0.790246,0.318254,6799.41,0.31746,All
-2.71907,0.318254,1.87171e-08,0.319048,0.790765,0.319048,6800.94,0.318254,All
-2.71732,0.319048,1.87271e-08,0.319841,0.790971,0.319841,6803.91,0.319048,All
-2.7163,0.319841,1.87286e-08,0.320635,0.791373,0.320635,6805.06,0.319841,All
-2.70115,0.320635,1.8739e-08,0.321429,0.79198,0.321429,6807.29,0.320635,All
-2.69262,0.321429,1.87653e-08,0.322222,0.791984,0.322222,6807.54,0.321429,All
-2.6897,0.322222,1.87696e-08,0.323016,0.792702,0.323016,6810.43,0.322222,All
-2.68754,0.323016,1.87702e-08,0.32381,0.793154,0.32381,6812.59,0.323016,All
-2.68748,0.32381,1.87955e-08,0.324603,0.794177,0.324603,6815.2,0.32381,All
-2.67641,0.324603,1.8846e-08,0.325397,0.794195,0.325397,6815.86,0.324603,All
-2.67168,0.325397,1.88481e-08,0.32619,0.794603,0.32619,6818.11,0.325397,All
-2.66512,0.32619,1.88577e-08,0.326984,0.797413,0.326984,6822.83,0.32619,All
-2.65954,0.326984,1.88717e-08,0.327778,0.799626,0.327778,6825.39,0.326984,All
-2.65679,0.327778,1.89082e-08,0.328571,0.802065,0.328571,6825.78,0.327778,All
-2.63062,0.328571,1.89187e-08,0.329365,0.802342,0.329365,6828.52,0.328571,All
-2.62723,0.329365,1.893e-08,0.330159,0.802823,0.330159,6830.67,0.329365,All
-2.62333,0.330159,1.89656e-08,0.330952,0.804134,0.330952,6830.72,0.330159,All
-2.60412,0.330952,1.89799e-08,0.331746,0.804693,0.331746,6830.72,0.330952,All
-2.59308,0.331746,1.90231e-08,0.33254,0.804736,0.33254,6831.44,0.331746,All
-2.58596,0.33254,1.90357e-08,0.333333,0.80785,0.333333,6834.76,0.33254,All
-2.56711,0.333333,1.90483e-08,0.334127,0.808609,0.334127,6841.92,0.333333,All
-2.56349,0.334127,1.90553e-08,0.334921,0.809738,0.334921,6848.32,0.334127,All
-2.55181,0.334921,1.90662e-08,0.335714,0.810558,0.335714,6849.34,0.334921,All
-2.54256,0.335714,1.90688e-08,0.336508,0.81057,0.336508,6854.64,0.335714,All
-2.54029,0.336508,1.91087e-08,0.337302,0.811654,0.337302,6855.98,0.336508,All
-2.53874,0.337302,1.9111e-08,0.338095,0.812409,0.338095,6857.32,0.337302,All
-2.53291,0.338095,1.91383e-08,0.338889,0.81311,0.338889,6858.95,0.338095,All
-2.52108,0.338889,1.91409e-08,0.339683,0.814374,0.339683,6862,0.338889,All
-2.50391,0.339683,1.91674e-08,0.340476,0.814377,0.340476,6863.43,0.339683,All
-2.49987,0.340476,1.9171e-08,0.34127,0.81602,0.34127,6864.09,0.340476,All
-2.49584,0.34127,1.91946e-08,0.342063,0.816364,0.342063,6864.73,0.34127,All
-2.48708,0.342063,1.92176e-08,0.342857,0.817555,0.342857,6866.93,0.342063,All
-2.48054,0.342857,1.92558e-08,0.343651,0.819363,0.343651,6867.78,0.342857,All
-2.47972,0.343651,1.92792e-08,0.344444,0.820136,0.344444,6874.65,0.343651,All
-2.47891,0.344444,1.92845e-08,0.345238,0.820454,0.345238,6875.66,0.344444,All
-2.47485,0.345238,1.92896e-08,0.346032,0.820817,0.346032,6877.08,0.345238,All
-2.46902,0.346032,1.92913e-08,0.346825,0.820939,0.346825,6877.37,0.346032,All
-2.46819,0.346825,1.93245e-08,0.347619,0.82165,0.347619,6879.85,0.346825,All
-2.45386,0.347619,1.93349e-08,0.348413,0.822171,0.348413,6881.39,0.347619,All
-2.44383,0.348413,1.93361e-08,0.349206,0.822205,0.349206,6882.11,0.348413,All
-2.42847,0.349206,1.93459e-08,0.35,0.822698,0.35,6882.24,0.349206,All
-2.4225,0.35,1.93502e-08,0.350794,0.823223,0.350794,6883.24,0.35,All
-2.41667,0.350794,1.93528e-08,0.351587,0.823668,0.351587,6884.68,0.350794,All
-2.4166,0.351587,1.93571e-08,0.352381,0.824167,0.352381,6893.82,0.351587,All
-2.4093,0.352381,1.93895e-08,0.353175,0.824167,0.353175,6896.47,0.352381,All
-2.40097,0.353175,1.94119e-08,0.353968,0.825647,0.353968,6896.6,0.353175,All
-2.3941,0.353968,1.94132e-08,0.354762,0.825672,0.354762,6896.99,0.353968,All
-2.38862,0.354762,1.94387e-08,0.355556,0.82684,0.355556,6897.45,0.354762,All
-2.38026,0.355556,1.94423e-08,0.356349,0.827185,0.356349,6898.58,0.355556,All
-2.37738,0.356349,1.94534e-08,0.357143,0.828417,0.357143,6900.35,0.356349,All
-2.36987,0.357143,1.94606e-08,0.357937,0.828425,0.357937,6904.94,0.357143,All
-2.36955,0.357937,1.94624e-08,0.35873,0.830705,0.35873,6910.86,0.357937,All
-2.36937,0.35873,1.94748e-08,0.359524,0.830783,0.359524,6911.71,0.35873,All
-2.36609,0.359524,1.94798e-08,0.360317,0.83116,0.360317,6912.83,0.359524,All
-2.34963,0.360317,1.9486e-08,0.361111,0.831459,0.361111,6915.39,0.360317,All
-2.34893,0.361111,1.95091e-08,0.361905,0.83152,0.361905,6918.68,0.361111,All
-2.34661,0.361905,1.95122e-08,0.362698,0.83158,0.362698,6918.84,0.361905,All
-2.33282,0.362698,1.95175e-08,0.363492,0.833182,0.363492,6923.54,0.362698,All
-2.32791,0.363492,1.95177e-08,0.364286,0.833214,0.364286,6931.43,0.363492,All
-2.31489,0.364286,1.95229e-08,0.365079,0.834711,0.365079,6932.81,0.364286,All
-2.30441,0.365079,1.95253e-08,0.365873,0.835131,0.365873,6934.47,0.365079,All
-2.29784,0.365873,1.95278e-08,0.366667,0.835438,0.366667,6935.89,0.365873,All
-2.29688,0.366667,1.95304e-08,0.36746,0.83573,0.36746,6939.6,0.366667,All
-2.2968,0.36746,1.95733e-08,0.368254,0.836396,0.368254,6942.38,0.36746,All
-2.29108,0.368254,1.96023e-08,0.369048,0.836878,0.369048,6943.75,0.368254,All
-2.28592,0.369048,1.9605e-08,0.369841,0.83727,0.369841,6947.97,0.369048,All
-2.27633,0.369841,1.96106e-08,0.370635,0.837291,0.370635,6949.83,0.369841,All
-2.2642,0.370635,1.96191e-08,0.371429,0.83753,0.371429,6956.3,0.370635,All
-2.26367,0.371429,1.96312e-08,0.372222,0.839992,0.372222,6959.03,0.371429,All
-2.26179,0.372222,1.97127e-08,0.373016,0.840094,0.373016,6961.11,0.372222,All
-2.25403,0.373016,1.97292e-08,0.37381,0.84057,0.37381,6965.7,0.373016,All
-2.25244,0.37381,1.97386e-08,0.374603,0.841827,0.374603,6965.84,0.37381,All
-2.24968,0.374603,1.97525e-08,0.375397,0.844698,0.375397,6967.27,0.374603,All
-2.24511,0.375397,1.97598e-08,0.37619,0.84482,0.37619,6968.09,0.375397,All
-2.24511,0.37619,1.97611e-08,0.376984,0.845321,0.376984,6968.89,0.37619,All
-2.24171,0.376984,1.97624e-08,0.377778,0.847633,0.377778,6969.23,0.376984,All
-2.23747,0.377778,1.97669e-08,0.378571,0.848368,0.378571,6971.33,0.377778,All
-2.22584,0.378571,1.97861e-08,0.379365,0.848431,0.379365,6972.91,0.378571,All
-2.22191,0.379365,1.97886e-08,0.380159,0.848791,0.380159,6975.68,0.379365,All
-2.22179,0.380159,1.98399e-08,0.380952,0.850379,0.380952,6979.58,0.380159,All
-2.22103,0.380952,1.98584e-08,0.381746,0.850819,0.381746,6983.46,0.380952,All
-2.20908,0.381746,1.98778e-08,0.38254,0.851274,0.38254,6983.65,0.381746,All
-2.20586,0.38254,1.98834e-08,0.383333,0.851914,0.383333,6986.79,0.38254,All
-2.20224,0.383333,1.989e-08,0.384127,0.851942,0.384127,6990.85,0.383333,All
-2.1983,0.384127,1.98911e-08,0.384921,0.852922,0.384921,6992.52,0.384127,All
-2.19609,0.384921,1.98994e-08,0.385714,0.853314,0.385714,6993.36,0.384921,All
-2.1878,0.385714,1.99048e-08,0.386508,0.853559,0.386508,6998.5,0.385714,All
-2.1737,0.386508,1.99164e-08,0.387302,0.854737,0.387302,6999.16,0.386508,All
-2.16376,0.387302,1.9919e-08,0.388095,0.855163,0.388095,7002.71,0.387302,All
-2.15087,0.388095,1.99266e-08,0.388889,0.855437,0.388889,7004.4,0.388095,All
-2.15011,0.388889,1.99456e-08,0.389683,0.85703,0.389683,7006.48,0.388889,All
-2.13559,0.389683,1.9964e-08,0.390476,0.860418,0.390476,7009.3,0.389683,All
-2.13456,0.390476,1.99744e-08,0.39127,0.862084,0.39127,7012.06,0.390476,All
-2.13304,0.39127,1.99748e-08,0.392063,0.862084,0.392063,7012.91,0.39127,All
-2.12851,0.392063,1.99755e-08,0.392857,0.862182,0.392857,7013.49,0.392063,All
-2.12826,0.392857,1.99778e-08,0.393651,0.86357,0.393651,7016.05,0.392857,All
-2.126,0.393651,1.9984e-08,0.394444,0.863803,0.394444,7016.23,0.393651,All
-2.1227,0.394444,1.99847e-08,0.395238,0.863819,0.395238,7017.02,0.394444,All
-2.12222,0.395238,1.99977e-08,0.396032,0.864342,0.396032,7020.02,0.395238,All
-2.11322,0.396032,2.00044e-08,0.396825,0.86446,0.396825,7026.78,0.396032,All
-2.107,0.396825,2.0019e-08,0.397619,0.864657,0.397619,7036.5,0.396825,All
-2.10401,0.397619,2.0031e-08,0.398413,0.865547,0.398413,7040.99,0.397619,All
-2.09587,0.398413,2.00387e-08,0.399206,0.867076,0.399206,7044.26,0.398413,All
-2.08097,0.399206,2.00392e-08,0.4,0.867235,0.4,7050.06,0.399206,All
-2.08044,0.4,2.00527e-08,0.400794,0.867337,0.400794,7050.06,0.4,All
-2.07886,0.400794,2.00584e-08,0.401587,0.868613,0.401587,7051.97,0.400794,All
-2.07421,0.401587,2.00646e-08,0.402381,0.871641,0.402381,7053.08,0.401587,All
-2.06837,0.402381,2.00839e-08,0.403175,0.872374,0.403175,7053.61,0.402381,All
-2.06454,0.403175,2.009e-08,0.403968,0.872451,0.403968,7054.37,0.403175,All
-2.05526,0.403968,2.00949e-08,0.404762,0.875027,0.404762,7055.87,0.403968,All
-2.0539,0.404762,2.01365e-08,0.405556,0.877176,0.405556,7056.53,0.404762,All
-2.0503,0.405556,2.01721e-08,0.406349,0.877267,0.406349,7060.06,0.405556,All
-2.04015,0.406349,2.02034e-08,0.407143,0.877352,0.407143,7064.06,0.406349,All
-2.02506,0.407143,2.02161e-08,0.407937,0.877694,0.407937,7065.54,0.407143,All
-2.01095,0.407937,2.02226e-08,0.40873,0.877942,0.40873,7069.77,0.407937,All
-2.00131,0.40873,2.02419e-08,0.409524,0.879734,0.409524,7069.9,0.40873,All
-1.99415,0.409524,2.02539e-08,0.410317,0.882308,0.410317,7074.74,0.409524,All
-1.99214,0.410317,2.02712e-08,0.411111,0.884009,0.411111,7074.76,0.410317,All
-1.98176,0.411111,2.0274e-08,0.411905,0.885653,0.411905,7078.2,0.411111,All
-1.96983,0.411905,2.02989e-08,0.412698,0.886448,0.412698,7081.87,0.411905,All
-1.96381,0.412698,2.03242e-08,0.413492,0.886452,0.413492,7085.32,0.412698,All
-1.9585,0.413492,2.03322e-08,0.414286,0.889381,0.414286,7086.11,0.413492,All
-1.94683,0.414286,2.03596e-08,0.415079,0.889657,0.415079,7088.55,0.414286,All
-1.9433,0.415079,2.03598e-08,0.415873,0.890954,0.415873,7091.5,0.415079,All
-1.94297,0.415873,2.0361e-08,0.416667,0.892141,0.416667,7094.45,0.415873,All
-1.92798,0.416667,2.03686e-08,0.41746,0.895273,0.41746,7098.1,0.416667,All
-1.91527,0.41746,2.03926e-08,0.418254,0.896067,0.418254,7102.07,0.41746,All
-1.89276,0.418254,2.04078e-08,0.419048,0.896895,0.419048,7102.48,0.418254,All
-1.88862,0.419048,2.04087e-08,0.419841,0.89793,0.419841,7104.4,0.419048,All
-1.88707,0.419841,2.0416e-08,0.420635,0.898075,0.420635,7109.18,0.419841,All
-1.87953,0.420635,2.04356e-08,0.421429,0.898181,0.421429,7109.24,0.420635,All
-1.87887,0.421429,2.04534e-08,0.422222,0.898603,0.422222,7112.67,0.421429,All
-1.87742,0.422222,2.04656e-08,0.423016,0.8992,0.423016,7113.59,0.422222,All
-1.8698,0.423016,2.04979e-08,0.42381,0.89995,0.42381,7115.73,0.423016,All
-1.86575,0.42381,2.0519e-08,0.424603,0.902832,0.424603,7116.7,0.42381,All
-1.86556,0.424603,2.05409e-08,0.425397,0.902879,0.425397,7116.86,0.424603,All
-1.86419,0.425397,2.05476e-08,0.42619,0.902983,0.42619,7118.82,0.425397,All
-1.8571,0.42619,2.0564e-08,0.426984,0.904517,0.426984,7122.69,0.42619,All
-1.85287,0.426984,2.05773e-08,0.427778,0.905393,0.427778,7122.8,0.426984,All
-1.8494,0.427778,2.05791e-08,0.428571,0.906011,0.428571,7128.27,0.427778,All
-1.84793,0.428571,2.05919e-08,0.429365,0.906076,0.429365,7131.28,0.428571,All
-1.84383,0.429365,2.06051e-08,0.430159,0.907606,0.430159,7131.9,0.429365,All
-1.84328,0.430159,2.06284e-08,0.430952,0.907756,0.430952,7134.61,0.430159,All
-1.83403,0.430952,2.06476e-08,0.431746,0.908686,0.431746,7136.1,0.430952,All
-1.82592,0.431746,2.06723e-08,0.43254,0.908701,0.43254,7136.75,0.431746,All
-1.8178,0.43254,2.07134e-08,0.433333,0.91027,0.433333,7137.36,0.43254,All
-1.81693,0.433333,2.07239e-08,0.434127,0.910285,0.434127,7138.64,0.433333,All
-1.81373,0.434127,2.07289e-08,0.434921,0.911228,0.434921,7138.96,0.434127,All
-1.80109,0.434921,2.07448e-08,0.435714,0.911898,0.435714,7140.8,0.434921,All
-1.79751,0.435714,2.07471e-08,0.436508,0.912189,0.436508,7144.54,0.435714,All
-1.79651,0.436508,2.07548e-08,0.437302,0.912598,0.437302,7147.25,0.436508,All
-1.79353,0.437302,2.08036e-08,0.438095,0.913082,0.438095,7150.69,0.437302,All
-1.78806,0.438095,2.08059e-08,0.438889,0.91316,0.438889,7152.64,0.438095,All
-1.77674,0.438889,2.08146e-08,0.439683,0.91567,0.439683,7155.87,0.438889,All
-1.77494,0.439683,2.08204e-08,0.440476,0.915746,0.440476,7156.61,0.439683,All
-1.77225,0.440476,2.08266e-08,0.44127,0.915947,0.44127,7157.37,0.440476,All
-1.74038,0.44127,2.08303e-08,0.442063,0.916387,0.442063,7159.58,0.44127,All
-1.7362,0.442063,2.0868e-08,0.442857,0.916807,0.442857,7174.07,0.442063,All
-1.73579,0.442857,2.09188e-08,0.443651,0.917551,0.443651,7175.11,0.442857,All
-1.73324,0.443651,2.09303e-08,0.444444,0.918266,0.444444,7175.99,0.443651,All
-1.72531,0.444444,2.09612e-08,0.445238,0.920102,0.445238,7178.21,0.444444,All
-1.71787,0.445238,2.09629e-08,0.446032,0.921378,0.446032,7181.37,0.445238,All
-1.71598,0.446032,2.09922e-08,0.446825,0.922881,0.446825,7184,0.446032,All
-1.71009,0.446825,2.10061e-08,0.447619,0.922947,0.447619,7185.73,0.446825,All
-1.7091,0.447619,2.10087e-08,0.448413,0.922947,0.448413,7190.63,0.447619,All
-1.70865,0.448413,2.10097e-08,0.449206,0.924161,0.449206,7192.9,0.448413,All
-1.70812,0.449206,2.10142e-08,0.45,0.924323,0.45,7197.74,0.449206,All
-1.70382,0.45,2.10232e-08,0.450794,0.925164,0.450794,7200.38,0.45,All
-1.69452,0.450794,2.10411e-08,0.451587,0.925514,0.451587,7202.42,0.450794,All
-1.69319,0.451587,2.10609e-08,0.452381,0.927277,0.452381,7204.06,0.451587,All
-1.69233,0.452381,2.10803e-08,0.453175,0.927629,0.453175,7205.11,0.452381,All
-1.69188,0.453175,2.11083e-08,0.453968,0.927952,0.453968,7209.26,0.453175,All
-1.6861,0.453968,2.11106e-08,0.454762,0.928357,0.454762,7212.65,0.453968,All
-1.68227,0.454762,2.11418e-08,0.455556,0.929127,0.455556,7217.06,0.454762,All
-1.68227,0.455556,2.11499e-08,0.456349,0.930227,0.456349,7220.91,0.455556,All
-1.68177,0.456349,2.11533e-08,0.457143,0.930398,0.457143,7222.78,0.456349,All
-1.6801,0.457143,2.11568e-08,0.457937,0.930749,0.457937,7224.03,0.457143,All
-1.67946,0.457937,2.11741e-08,0.45873,0.931077,0.45873,7224.09,0.457937,All
-1.67073,0.45873,2.11913e-08,0.459524,0.932175,0.459524,7224.12,0.45873,All
-1.66722,0.459524,2.12114e-08,0.460317,0.932641,0.460317,7225.07,0.459524,All
-1.66653,0.460317,2.12188e-08,0.461111,0.93383,0.461111,7227.44,0.460317,All
-1.66205,0.461111,2.1227e-08,0.461905,0.934389,0.461905,7229.55,0.461111,All
-1.64856,0.461905,2.1233e-08,0.462698,0.936574,0.462698,7236.32,0.461905,All
-1.64615,0.462698,2.1234e-08,0.463492,0.938638,0.463492,7240.92,0.462698,All
-1.63152,0.463492,2.12358e-08,0.464286,0.938682,0.464286,7242.96,0.463492,All
-1.62815,0.464286,2.12523e-08,0.465079,0.940591,0.465079,7244.76,0.464286,All
-1.62663,0.465079,2.12628e-08,0.465873,0.940746,0.465873,7247.96,0.465079,All
-1.62501,0.465873,2.1266e-08,0.466667,0.940782,0.466667,7252.08,0.465873,All
-1.62359,0.466667,2.12693e-08,0.46746,0.940825,0.46746,7255.16,0.466667,All
-1.62292,0.46746,2.1273e-08,0.468254,0.94091,0.468254,7255.49,0.46746,All
-1.61781,0.468254,2.13066e-08,0.469048,0.940976,0.469048,7256.53,0.468254,All
-1.61667,0.469048,2.13154e-08,0.469841,0.942207,0.469841,7261.94,0.469048,All
-1.61624,0.469841,2.13476e-08,0.470635,0.94296,0.470635,7262.61,0.469841,All
-1.61478,0.470635,2.13801e-08,0.471429,0.94321,0.471429,7264.26,0.470635,All
-1.60537,0.471429,2.1384e-08,0.472222,0.944035,0.472222,7265.87,0.471429,All
-1.60427,0.472222,2.14093e-08,0.473016,0.944189,0.473016,7267.72,0.472222,All
-1.58804,0.473016,2.14461e-08,0.47381,0.945106,0.47381,7269.01,0.473016,All
-1.58302,0.47381,2.14779e-08,0.474603,0.945295,0.474603,7272.26,0.47381,All
-1.5817,0.474603,2.14915e-08,0.475397,0.945907,0.475397,7276.84,0.474603,All
-1.58122,0.475397,2.15023e-08,0.47619,0.946023,0.47619,7277.18,0.475397,All
-1.58084,0.47619,2.15308e-08,0.476984,0.946059,0.476984,7277.73,0.47619,All
-1.57742,0.476984,2.15439e-08,0.477778,0.947389,0.477778,7281.65,0.476984,All
-1.57206,0.477778,2.15456e-08,0.478571,0.947986,0.478571,7285.33,0.477778,All
-1.56624,0.478571,2.15557e-08,0.479365,0.948777,0.479365,7287.98,0.478571,All
-1.56312,0.479365,2.15846e-08,0.480159,0.952544,0.480159,7288.55,0.479365,All
-1.55987,0.480159,2.15924e-08,0.480952,0.954471,0.480952,7288.66,0.480159,All
-1.55976,0.480952,2.15956e-08,0.481746,0.95575,0.481746,7289.54,0.480952,All
-1.55664,0.481746,2.15956e-08,0.48254,0.959815,0.48254,7291.18,0.481746,All
-1.55604,0.48254,2.16182e-08,0.483333,0.960776,0.483333,7291.39,0.48254,All
-1.54706,0.483333,2.16287e-08,0.484127,0.961316,0.484127,7295.68,0.483333,All
-1.54618,0.484127,2.16299e-08,0.484921,0.961761,0.484921,7297.31,0.484127,All
-1.5441,0.484921,2.16377e-08,0.485714,0.96204,0.485714,7299.35,0.484921,All
-1.5432,0.485714,2.16411e-08,0.486508,0.962174,0.486508,7300.41,0.485714,All
-1.5417,0.486508,2.16844e-08,0.487302,0.963155,0.487302,7301.17,0.486508,All
-1.53695,0.487302,2.16904e-08,0.488095,0.963529,0.488095,7303,0.487302,All
-1.53459,0.488095,2.1693e-08,0.488889,0.964183,0.488889,7309.92,0.488095,All
-1.51736,0.488889,2.16936e-08,0.489683,0.964556,0.489683,7310.09,0.488889,All
-1.50976,0.489683,2.1708e-08,0.490476,0.964885,0.490476,7310.61,0.489683,All
-1.50802,0.490476,2.17261e-08,0.49127,0.965933,0.49127,7311.28,0.490476,All
-1.50648,0.49127,2.17308e-08,0.492063,0.967951,0.492063,7314.56,0.49127,All
-1.50592,0.492063,2.17372e-08,0.492857,0.968444,0.492857,7317.28,0.492063,All
-1.49947,0.492857,2.17381e-08,0.493651,0.968453,0.493651,7320.06,0.492857,All
-1.4951,0.493651,2.17432e-08,0.494444,0.968773,0.494444,7320.35,0.493651,All
-1.49398,0.494444,2.17544e-08,0.495238,0.968875,0.495238,7320.7,0.494444,All
-1.49289,0.495238,2.17683e-08,0.496032,0.96928,0.496032,7321.35,0.495238,All
-1.48182,0.496032,2.17968e-08,0.496825,0.971256,0.496825,7321.73,0.496032,All
-1.4816,0.496825,2.17997e-08,0.497619,0.971772,0.497619,7326,0.496825,All
-1.47861,0.497619,2.18129e-08,0.498413,0.972078,0.498413,7327.08,0.497619,All
-1.47564,0.498413,2.18363e-08,0.499206,0.972377,0.499206,7331.11,0.498413,All
-1.47421,0.499206,2.18479e-08,0.5,0.975556,0.5,7340.71,0.499206,All
-1.46834,0.5,2.18493e-08,0.500794,0.975682,0.500794,7343.14,0.5,All
-1.45278,0.500794,2.18582e-08,0.501587,0.976349,0.501587,7343.33,0.500794,All
-1.45086,0.501587,2.1868e-08,0.502381,0.976621,0.502381,7345.66,0.501587,All
-1.44899,0.502381,2.1874e-08,0.503175,0.976825,0.503175,7346.64,0.502381,All
-1.44212,0.503175,2.18985e-08,0.503968,0.977248,0.503968,7347.57,0.503175,All
-1.43888,0.503968,2.1912e-08,0.504762,0.981552,0.504762,7348.51,0.503968,All
-1.43827,0.504762,2.19266e-08,0.505556,0.982359,0.505556,7349.85,0.504762,All
-1.43664,0.505556,2.19266e-08,0.506349,0.982853,0.506349,7352.12,0.505556,All
-1.43255,0.506349,2.19345e-08,0.507143,0.982877,0.507143,7354.44,0.506349,All
-1.42977,0.507143,2.19355e-08,0.507937,0.982877,0.507937,7356.3,0.507143,All
-1.42104,0.507937,2.19398e-08,0.50873,0.984014,0.50873,7356.57,0.507937,All
-1.41472,0.50873,2.19398e-08,0.509524,0.98409,0.509524,7357.31,0.50873,All
-1.41472,0.509524,2.19735e-08,0.510317,0.98409,0.510317,7359.79,0.509524,All
-1.41427,0.510317,2.19832e-08,0.511111,0.984126,0.511111,7360.75,0.510317,All
-1.41238,0.511111,2.19929e-08,0.511905,0.985651,0.511905,7363.79,0.511111,All
-1.41129,0.511905,2.20013e-08,0.512698,0.987158,0.512698,7367.5,0.511905,All
-1.41073,0.512698,2.20131e-08,0.513492,0.990748,0.513492,7370.04,0.512698,All
-1.4057,0.513492,2.20412e-08,0.514286,0.991172,0.514286,7371.5,0.513492,All
-1.40465,0.514286,2.2057e-08,0.515079,0.992156,0.515079,7372.52,0.514286,All
-1.3993,0.515079,2.20688e-08,0.515873,0.993843,0.515873,7375.61,0.515079,All
-1.39792,0.515873,2.20724e-08,0.516667,0.994158,0.516667,7377.35,0.515873,All
-1.39676,0.516667,2.20811e-08,0.51746,0.994158,0.51746,7378.37,0.516667,All
-1.39394,0.51746,2.20956e-08,0.518254,0.994692,0.518254,7385.07,0.51746,All
-1.39238,0.518254,2.21177e-08,0.519048,0.996811,0.519048,7386.29,0.518254,All
-1.39213,0.519048,2.21593e-08,0.519841,0.997862,0.519841,7386.29,0.519048,All
-1.39174,0.519841,2.21623e-08,0.520635,0.998869,0.520635,7388.18,0.519841,All
-1.39021,0.520635,2.2164e-08,0.521429,1.00003,0.521429,7393.08,0.520635,All
-1.38468,0.521429,2.21696e-08,0.522222,1.00025,0.522222,7393.92,0.521429,All
-1.38466,0.522222,2.21831e-08,0.523016,1.00078,0.523016,7397.16,0.522222,All
-1.35266,0.523016,2.22024e-08,0.52381,1.00163,0.52381,7400.04,0.523016,All
-1.35209,0.52381,2.22132e-08,0.524603,1.00306,0.524603,7402.52,0.52381,All
-1.34988,0.524603,2.22295e-08,0.525397,1.00325,0.525397,7403.11,0.524603,All
-1.34289,0.525397,2.22738e-08,0.52619,1.00418,0.52619,7403.52,0.525397,All
-1.34136,0.52619,2.22826e-08,0.526984,1.00579,0.526984,7403.63,0.52619,All
-1.33807,0.526984,2.22917e-08,0.527778,1.00586,0.527778,7404.84,0.526984,All
-1.33642,0.527778,2.22961e-08,0.528571,1.0061,0.528571,7406.26,0.527778,All
-1.33117,0.528571,2.23029e-08,0.529365,1.00691,0.529365,7410.07,0.528571,All
-1.32579,0.529365,2.23082e-08,0.530159,1.00749,0.530159,7410.1,0.529365,All
-1.32164,0.530159,2.23173e-08,0.530952,1.00758,0.530952,7410.23,0.530159,All
-1.31428,0.530952,2.23628e-08,0.531746,1.00911,0.531746,7412.79,0.530952,All
-1.31306,0.531746,2.23785e-08,0.53254,1.00977,0.53254,7413.29,0.531746,All
-1.31226,0.53254,2.23881e-08,0.533333,1.0113,0.533333,7415.28,0.53254,All
-1.30945,0.533333,2.23901e-08,0.534127,1.01422,0.534127,7416.37,0.533333,All
-1.30911,0.534127,2.24162e-08,0.534921,1.01497,0.534921,7417.66,0.534127,All
-1.29906,0.534921,2.24306e-08,0.535714,1.01533,0.535714,7420.67,0.534921,All
-1.29118,0.535714,2.24362e-08,0.536508,1.01537,0.536508,7421.48,0.535714,All
-1.29073,0.536508,2.24446e-08,0.537302,1.01544,0.537302,7422.36,0.536508,All
-1.2898,0.537302,2.24451e-08,0.538095,1.01719,0.538095,7424.02,0.537302,All
-1.28476,0.538095,2.24485e-08,0.538889,1.01801,0.538889,7426.59,0.538095,All
-1.27851,0.538889,2.24794e-08,0.539683,1.01818,0.539683,7426.62,0.538889,All
-1.27431,0.539683,2.24927e-08,0.540476,1.01847,0.540476,7430.03,0.539683,All
-1.26912,0.540476,2.2524e-08,0.54127,1.01976,0.54127,7430.47,0.540476,All
-1.26831,0.54127,2.25271e-08,0.542063,1.01978,0.542063,7434.83,0.54127,All
-1.26681,0.542063,2.25271e-08,0.542857,1.02338,0.542857,7435.53,0.542063,All
-1.26486,0.542857,2.25505e-08,0.543651,1.02456,0.543651,7436.51,0.542857,All
-1.23953,0.543651,2.25644e-08,0.544444,1.02845,0.544444,7437.02,0.543651,All
-1.23718,0.544444,2.25731e-08,0.545238,1.02847,0.545238,7437.64,0.544444,All
-1.23623,0.545238,2.25821e-08,0.546032,1.02875,0.546032,7440.72,0.545238,All
-1.23616,0.546032,2.25948e-08,0.546825,1.02911,0.546825,7447.06,0.546032,All
-1.23318,0.546825,2.26284e-08,0.547619,1.03164,0.547619,7448.34,0.546825,All
-1.23268,0.547619,2.26441e-08,0.548413,1.03179,0.548413,7449.13,0.547619,All
-1.2237,0.548413,2.26484e-08,0.549206,1.03622,0.549206,7451.1,0.548413,All
-1.2229,0.549206,2.26487e-08,0.55,1.03917,0.55,7458.76,0.549206,All
-1.22164,0.55,2.26641e-08,0.550794,1.04049,0.550794,7460.67,0.55,All
-1.21103,0.550794,2.27225e-08,0.551587,1.04161,0.551587,7464.04,0.550794,All
-1.20193,0.551587,2.27596e-08,0.552381,1.04202,0.552381,7465.09,0.551587,All
-1.18779,0.552381,2.27959e-08,0.553175,1.04209,0.553175,7465.12,0.552381,All
-1.17914,0.553175,2.28134e-08,0.553968,1.04415,0.553968,7465.3,0.553175,All
-1.17198,0.553968,2.28206e-08,0.554762,1.04421,0.554762,7468.49,0.553968,All
-1.16642,0.554762,2.28271e-08,0.555556,1.04427,0.555556,7470.55,0.554762,All
-1.16595,0.555556,2.28532e-08,0.556349,1.04433,0.556349,7472.54,0.555556,All
-1.15815,0.556349,2.28767e-08,0.557143,1.04447,0.557143,7475.69,0.556349,All
-1.15552,0.557143,2.2902e-08,0.557937,1.04461,0.557937,7475.99,0.557143,All
-1.15481,0.557937,2.29239e-08,0.55873,1.04494,0.55873,7477.98,0.557937,All
-1.15307,0.55873,2.29288e-08,0.559524,1.04659,0.559524,7486.7,0.55873,All
-1.14984,0.559524,2.29302e-08,0.560317,1.04809,0.560317,7490.67,0.559524,All
-1.14312,0.560317,2.29459e-08,0.561111,1.04916,0.561111,7492.76,0.560317,All
-1.09609,0.561111,2.29459e-08,0.561905,1.04969,0.561905,7493.93,0.561111,All
-1.09247,0.561905,2.29633e-08,0.562698,1.05011,0.562698,7495,0.561905,All
-1.09062,0.562698,2.29775e-08,0.563492,1.05058,0.563492,7495.46,0.562698,All
-1.08924,0.563492,2.30063e-08,0.564286,1.05162,0.564286,7496.71,0.563492,All
-1.08685,0.564286,2.30143e-08,0.565079,1.05167,0.565079,7497.64,0.564286,All
-1.08501,0.565079,2.30351e-08,0.565873,1.05177,0.565873,7498.18,0.565079,All
-1.08303,0.565873,2.30517e-08,0.566667,1.05243,0.566667,7499.2,0.565873,All
-1.0741,0.566667,2.3066e-08,0.56746,1.05248,0.56746,7500.08,0.566667,All
-1.0724,0.56746,2.30941e-08,0.568254,1.05265,0.568254,7500.2,0.56746,All
-1.06827,0.568254,2.31121e-08,0.569048,1.05479,0.569048,7501.84,0.568254,All
-1.06315,0.569048,2.31585e-08,0.569841,1.05487,0.569841,7501.88,0.569048,All
-1.06252,0.569841,2.31701e-08,0.570635,1.05668,0.570635,7503.63,0.569841,All
-1.05955,0.570635,2.31883e-08,0.571429,1.05725,0.571429,7504.98,0.570635,All
-1.05809,0.571429,2.31935e-08,0.572222,1.05863,0.572222,7506.5,0.571429,All
-1.05038,0.572222,2.32041e-08,0.573016,1.05985,0.573016,7507.66,0.572222,All
-1.03183,0.573016,2.3206e-08,0.57381,1.06134,0.57381,7512.53,0.573016,All
-1.02777,0.57381,2.32265e-08,0.574603,1.06192,0.574603,7513.14,0.57381,All
-1.02506,0.574603,2.32387e-08,0.575397,1.06285,0.575397,7514.6,0.574603,All
-1.02254,0.575397,2.32466e-08,0.57619,1.0637,0.57619,7515.71,0.575397,All
-1.00288,0.57619,2.32713e-08,0.576984,1.06519,0.576984,7519.86,0.57619,All
-0.999758,0.576984,2.33205e-08,0.577778,1.06556,0.577778,7520.51,0.576984,All
-0.998466,0.577778,2.33384e-08,0.578571,1.06614,0.578571,7524.79,0.577778,All
-0.99647,0.578571,2.33618e-08,0.579365,1.06614,0.579365,7525.49,0.578571,All
-0.99447,0.579365,2.34591e-08,0.580159,1.06682,0.580159,7529.58,0.579365,All
-0.982168,0.580159,2.34599e-08,0.580952,1.06695,0.580952,7531.04,0.580159,All
-0.982168,0.580952,2.34676e-08,0.581746,1.06788,0.581746,7534.95,0.580952,All
-0.981699,0.581746,2.34683e-08,0.58254,1.06806,0.58254,7536.77,0.581746,All
-0.969116,0.58254,2.351e-08,0.583333,1.06866,0.583333,7541.01,0.58254,All
-0.963674,0.583333,2.35568e-08,0.584127,1.0696,0.584127,7547.35,0.583333,All
-0.95813,0.584127,2.3579e-08,0.584921,1.07051,0.584921,7549.1,0.584127,All
-0.956063,0.584921,2.35893e-08,0.585714,1.07296,0.585714,7549.37,0.584921,All
-0.952548,0.585714,2.36191e-08,0.586508,1.07349,0.586508,7550.62,0.585714,All
-0.950331,0.586508,2.36301e-08,0.587302,1.07545,0.587302,7555,0.586508,All
-0.942304,0.587302,2.36483e-08,0.588095,1.07555,0.588095,7556.48,0.587302,All
-0.939965,0.588095,2.36483e-08,0.588889,1.07565,0.588889,7556.59,0.588095,All
-0.927561,0.588889,2.36488e-08,0.589683,1.07984,0.589683,7557.35,0.588889,All
-0.922313,0.589683,2.36529e-08,0.590476,1.0807,0.590476,7558.27,0.589683,All
-0.909566,0.590476,2.3664e-08,0.59127,1.08071,0.59127,7559.25,0.590476,All
-0.897492,0.59127,2.36683e-08,0.592063,1.0836,0.592063,7561.35,0.59127,All
-0.891252,0.592063,2.36786e-08,0.592857,1.08415,0.592857,7565.18,0.592063,All
-0.883521,0.592857,2.36836e-08,0.593651,1.08609,0.593651,7567.88,0.592857,All
-0.880292,0.593651,2.37143e-08,0.594444,1.08635,0.594444,7570.77,0.593651,All
-0.878217,0.594444,2.37157e-08,0.595238,1.09034,0.595238,7571.34,0.594444,All
-0.876959,0.595238,2.37225e-08,0.596032,1.09123,0.596032,7585.26,0.595238,All
-0.874861,0.596032,2.37328e-08,0.596825,1.09281,0.596825,7586.13,0.596032,All
-0.872256,0.596825,2.37396e-08,0.597619,1.09312,0.597619,7586.28,0.596825,All
-0.871551,0.597619,2.37675e-08,0.598413,1.09446,0.598413,7587.09,0.597619,All
-0.870444,0.598413,2.3883e-08,0.599206,1.09458,0.599206,7588.9,0.598413,All
-0.869929,0.599206,2.39634e-08,0.6,1.09492,0.6,7593.54,0.599206,All
-0.866704,0.6,2.39881e-08,0.600794,1.09816,0.600794,7596.18,0.6,All
-0.861407,0.600794,2.40244e-08,0.601587,1.09877,0.601587,7596.5,0.600794,All
-0.858663,0.601587,2.4053e-08,0.602381,1.10098,0.602381,7597.57,0.601587,All
-0.857728,0.602381,2.40835e-08,0.603175,1.10224,0.603175,7599.72,0.602381,All
-0.849012,0.603175,2.41022e-08,0.603968,1.10421,0.603968,7603.21,0.603175,All
-0.848102,0.603968,2.41235e-08,0.604762,1.10427,0.604762,7603.26,0.603968,All
-0.847723,0.604762,2.41394e-08,0.605556,1.10511,0.605556,7607.11,0.604762,All
-0.847066,0.605556,2.41409e-08,0.606349,1.10541,0.606349,7608.84,0.605556,All
-0.846983,0.606349,2.41629e-08,0.607143,1.10673,0.607143,7616.98,0.606349,All
-0.846726,0.607143,2.41654e-08,0.607937,1.1068,0.607937,7619.77,0.607143,All
-0.845861,0.607937,2.41722e-08,0.60873,1.10686,0.60873,7621.26,0.607937,All
-0.845435,0.60873,2.41921e-08,0.609524,1.10752,0.609524,7621.41,0.60873,All
-0.844094,0.609524,2.42306e-08,0.610317,1.10857,0.610317,7624.43,0.609524,All
-0.837499,0.610317,2.4269e-08,0.611111,1.10906,0.611111,7629.54,0.610317,All
-0.836287,0.611111,2.42781e-08,0.611905,1.10944,0.611905,7630.69,0.611111,All
-0.832801,0.611905,2.42888e-08,0.612698,1.11126,0.612698,7632.47,0.611905,All
-0.83266,0.612698,2.43129e-08,0.613492,1.11153,0.613492,7632.73,0.612698,All
-0.830385,0.613492,2.43161e-08,0.614286,1.11232,0.614286,7636.07,0.613492,All
-0.823152,0.614286,2.43568e-08,0.615079,1.11267,0.615079,7636.07,0.614286,All
-0.820396,0.615079,2.44197e-08,0.615873,1.11271,0.615873,7640,0.615079,All
-0.819984,0.615873,2.44258e-08,0.616667,1.11303,0.616667,7640.99,0.615873,All
-0.81598,0.616667,2.44421e-08,0.61746,1.11434,0.61746,7642.35,0.616667,All
-0.811525,0.61746,2.44644e-08,0.618254,1.11437,0.618254,7645.69,0.61746,All
-0.805761,0.618254,2.44661e-08,0.619048,1.11438,0.619048,7648.52,0.618254,All
-0.803074,0.619048,2.44714e-08,0.619841,1.11613,0.619841,7649.14,0.619048,All
-0.800585,0.619841,2.44719e-08,0.620635,1.11654,0.620635,7649.26,0.619841,All
-0.793044,0.620635,2.44836e-08,0.621429,1.11706,0.621429,7652.39,0.620635,All
-0.787668,0.621429,2.44932e-08,0.622222,1.11793,0.622222,7652.53,0.621429,All
-0.787343,0.622222,2.44985e-08,0.623016,1.12215,0.623016,7653.08,0.622222,All
-0.786843,0.623016,2.45077e-08,0.62381,1.12341,0.62381,7653.79,0.623016,All
-0.786767,0.62381,2.45107e-08,0.624603,1.12367,0.624603,7656.78,0.62381,All
-0.781192,0.624603,2.45401e-08,0.625397,1.12404,0.625397,7657.93,0.624603,All
-0.770424,0.625397,2.46404e-08,0.62619,1.12445,0.62619,7660.75,0.625397,All
-0.770002,0.62619,2.4658e-08,0.626984,1.1245,0.626984,7663.08,0.62619,All
-0.768194,0.626984,2.46591e-08,0.627778,1.12578,0.627778,7665.37,0.626984,All
-0.758697,0.627778,2.46792e-08,0.628571,1.12605,0.628571,7666.44,0.627778,All
-0.753973,0.628571,2.46878e-08,0.629365,1.12768,0.629365,7668.63,0.628571,All
-0.753234,0.629365,2.47012e-08,0.630159,1.12854,0.630159,7669.41,0.629365,All
-0.752556,0.630159,2.47107e-08,0.630952,1.12858,0.630952,7672.67,0.630159,All
-0.745887,0.630952,2.47398e-08,0.631746,1.12963,0.631746,7680.68,0.630952,All
-0.744238,0.631746,2.47521e-08,0.63254,1.12973,0.63254,7683.77,0.631746,All
-0.744199,0.63254,2.47527e-08,0.633333,1.13142,0.633333,7686.06,0.63254,All
-0.743727,0.633333,2.47689e-08,0.634127,1.13253,0.634127,7689.06,0.633333,All
-0.733981,0.634127,2.47702e-08,0.634921,1.13257,0.634921,7691.19,0.634127,All
-0.728369,0.634921,2.47844e-08,0.635714,1.13287,0.635714,7693.41,0.634921,All
-0.726463,0.635714,2.4814e-08,0.636508,1.13308,0.636508,7693.48,0.635714,All
-0.726419,0.636508,2.48287e-08,0.637302,1.13353,0.637302,7693.5,0.636508,All
-0.722619,0.637302,2.48488e-08,0.638095,1.13642,0.638095,7694.66,0.637302,All
-0.720574,0.638095,2.48915e-08,0.638889,1.13719,0.638889,7698.39,0.638095,All
-0.714924,0.638889,2.49132e-08,0.639683,1.13959,0.639683,7703.57,0.638889,All
-0.708679,0.639683,2.49282e-08,0.640476,1.14117,0.640476,7704.26,0.639683,All
-0.703137,0.640476,2.49402e-08,0.64127,1.14598,0.64127,7720.44,0.640476,All
-0.696608,0.64127,2.49504e-08,0.642063,1.14621,0.642063,7720.62,0.64127,All
-0.694086,0.642063,2.4951e-08,0.642857,1.14679,0.642857,7725.4,0.642063,All
-0.69174,0.642857,2.49516e-08,0.643651,1.14816,0.643651,7725.4,0.642857,All
-0.68847,0.643651,2.49683e-08,0.644444,1.14861,0.644444,7726.8,0.643651,All
-0.685067,0.644444,2.49701e-08,0.645238,1.14906,0.645238,7728.17,0.644444,All
-0.685012,0.645238,2.49754e-08,0.646032,1.14915,0.646032,7728.81,0.645238,All
-0.681487,0.646032,2.49836e-08,0.646825,1.14955,0.646825,7728.97,0.646032,All
-0.680987,0.646825,2.5005e-08,0.647619,1.15351,0.647619,7729.81,0.646825,All
-0.679179,0.647619,2.50672e-08,0.648413,1.15479,0.648413,7732.72,0.647619,All
-0.675554,0.648413,2.50717e-08,0.649206,1.15656,0.649206,7736.53,0.648413,All
-0.673302,0.649206,2.51241e-08,0.65,1.15656,0.65,7736.74,0.649206,All
-0.672838,0.65,2.51258e-08,0.650794,1.15678,0.650794,7741.62,0.65,All
-0.666336,0.650794,2.51687e-08,0.651587,1.15768,0.651587,7741.7,0.650794,All
-0.65824,0.651587,2.51703e-08,0.652381,1.15791,0.652381,7744.5,0.651587,All
-0.657609,0.652381,2.5188e-08,0.653175,1.15901,0.653175,7746.68,0.652381,All
-0.655595,0.653175,2.52319e-08,0.653968,1.15901,0.653968,7747.39,0.653175,All
-0.65455,0.653968,2.53462e-08,0.654762,1.15959,0.654762,7752.04,0.653968,All
-0.648534,0.654762,2.53675e-08,0.655556,1.15962,0.655556,7753.37,0.654762,All
-0.646644,0.655556,2.54066e-08,0.656349,1.16056,0.656349,7754.3,0.655556,All
-0.643695,0.656349,2.54168e-08,0.657143,1.16067,0.657143,7755.97,0.656349,All
-0.639625,0.657143,2.5418e-08,0.657937,1.16139,0.657937,7756.73,0.657143,All
-0.636596,0.657937,2.54308e-08,0.65873,1.16206,0.65873,7757.18,0.657937,All
-0.633221,0.65873,2.54378e-08,0.659524,1.16273,0.659524,7766.83,0.65873,All
-0.620028,0.659524,2.5447e-08,0.660317,1.1628,0.660317,7769.41,0.659524,All
-0.61506,0.660317,2.54975e-08,0.661111,1.16561,0.661111,7771.36,0.660317,All
-0.611434,0.661111,2.5508e-08,0.661905,1.16583,0.661905,7772.29,0.661111,All
-0.602634,0.661905,2.55121e-08,0.662698,1.16822,0.662698,7777.57,0.661905,All
-0.599954,0.662698,2.56086e-08,0.663492,1.16947,0.663492,7777.99,0.662698,All
-0.597285,0.663492,2.56097e-08,0.664286,1.1701,0.664286,7781.66,0.663492,All
-0.596208,0.664286,2.56548e-08,0.665079,1.17066,0.665079,7782.54,0.664286,All
-0.595361,0.665079,2.57103e-08,0.665873,1.17091,0.665873,7784.62,0.665079,All
-0.586624,0.665873,2.5718e-08,0.666667,1.17099,0.666667,7786.18,0.665873,All
-0.584521,0.666667,2.57186e-08,0.66746,1.17419,0.66746,7788.03,0.666667,All
-0.577308,0.66746,2.57419e-08,0.668254,1.17491,0.668254,7788.28,0.66746,All
-0.574453,0.668254,2.57501e-08,0.669048,1.17639,0.669048,7795.75,0.668254,All
-0.574226,0.669048,2.57518e-08,0.669841,1.17642,0.669841,7797.15,0.669048,All
-0.573173,0.669841,2.57628e-08,0.670635,1.17751,0.670635,7798.01,0.669841,All
-0.560219,0.670635,2.5776e-08,0.671429,1.17813,0.671429,7800.18,0.670635,All
-0.560142,0.671429,2.5776e-08,0.672222,1.17828,0.672222,7802.49,0.671429,All
-0.55144,0.672222,2.57795e-08,0.673016,1.17856,0.673016,7804.41,0.672222,All
-0.550517,0.673016,2.5817e-08,0.67381,1.17988,0.67381,7810.79,0.673016,All
-0.537885,0.67381,2.58448e-08,0.674603,1.1819,0.674603,7810.79,0.67381,All
-0.536963,0.674603,2.58789e-08,0.675397,1.18325,0.675397,7812.12,0.674603,All
-0.534452,0.675397,2.59398e-08,0.67619,1.18344,0.67619,7813.6,0.675397,All
-0.529674,0.67619,2.5992e-08,0.676984,1.18448,0.676984,7817.78,0.67619,All
-0.526534,0.676984,2.59973e-08,0.677778,1.18465,0.677778,7818.61,0.676984,All
-0.522258,0.677778,2.60058e-08,0.678571,1.18494,0.678571,7819.06,0.677778,All
-0.507024,0.678571,2.60118e-08,0.679365,1.18512,0.679365,7822.23,0.678571,All
-0.506219,0.679365,2.60285e-08,0.680159,1.18745,0.680159,7826.11,0.679365,All
-0.488838,0.680159,2.60432e-08,0.680952,1.18811,0.680952,7827.08,0.680159,All
-0.488571,0.680952,2.60488e-08,0.681746,1.18821,0.681746,7827.92,0.680952,All
-0.48831,0.681746,2.60638e-08,0.68254,1.18866,0.68254,7830.54,0.681746,All
-0.48722,0.68254,2.61255e-08,0.683333,1.19212,0.683333,7831.33,0.68254,All
-0.48254,0.683333,2.61389e-08,0.684127,1.19344,0.684127,7837.05,0.683333,All
-0.475631,0.684127,2.61476e-08,0.684921,1.19392,0.684921,7837.43,0.684127,All
-0.469759,0.684921,2.61691e-08,0.685714,1.19418,0.685714,7838.71,0.684921,All
-0.468344,0.685714,2.61744e-08,0.686508,1.19421,0.686508,7840.71,0.685714,All
-0.463867,0.686508,2.61999e-08,0.687302,1.19694,0.687302,7840.84,0.686508,All
-0.456505,0.687302,2.62718e-08,0.688095,1.19788,0.688095,7841.85,0.687302,All
-0.44461,0.688095,2.62779e-08,0.688889,1.1987,0.688889,7845.13,0.688095,All
-0.443683,0.688889,2.62834e-08,0.689683,1.19885,0.689683,7847.79,0.688889,All
-0.442883,0.689683,2.62933e-08,0.690476,1.19892,0.690476,7855.1,0.689683,All
-0.438929,0.690476,2.62981e-08,0.69127,1.19905,0.69127,7861.18,0.690476,All
-0.421731,0.69127,2.6339e-08,0.692063,1.2009,0.692063,7862.87,0.69127,All
-0.420746,0.692063,2.63513e-08,0.692857,1.20109,0.692857,7863.45,0.692063,All
-0.420099,0.692857,2.63641e-08,0.693651,1.2024,0.693651,7863.86,0.692857,All
-0.415446,0.693651,2.63726e-08,0.694444,1.2037,0.694444,7865.44,0.693651,All
-0.407939,0.694444,2.6373e-08,0.695238,1.20556,0.695238,7870.8,0.694444,All
-0.400736,0.695238,2.63816e-08,0.696032,1.2067,0.696032,7874.02,0.695238,All
-0.400311,0.696032,2.6395e-08,0.696825,1.20716,0.696825,7876.01,0.696032,All
-0.398927,0.696825,2.6396e-08,0.697619,1.20782,0.697619,7877.91,0.696825,All
-0.395576,0.697619,2.6397e-08,0.698413,1.2086,0.698413,7877.93,0.697619,All
-0.388645,0.698413,2.64876e-08,0.699206,1.2086,0.699206,7879.09,0.698413,All
-0.387014,0.699206,2.64962e-08,0.7,1.20972,0.7,7880.09,0.699206,All
-0.381058,0.7,2.65283e-08,0.700794,1.21095,0.700794,7881.7,0.7,All
-0.36139,0.700794,2.65502e-08,0.701587,1.21106,0.701587,7885.76,0.700794,All
-0.350039,0.701587,2.65654e-08,0.702381,1.2112,0.702381,7887.64,0.701587,All
-0.349863,0.702381,2.65658e-08,0.703175,1.21199,0.703175,7889.7,0.702381,All
-0.348275,0.703175,2.66263e-08,0.703968,1.21238,0.703968,7892.58,0.703175,All
-0.343989,0.703968,2.66637e-08,0.704762,1.21302,0.704762,7893.45,0.703968,All
-0.336124,0.704762,2.66715e-08,0.705556,1.21308,0.705556,7905.92,0.704762,All
-0.33576,0.705556,2.66804e-08,0.706349,1.21323,0.706349,7911.69,0.705556,All
-0.332295,0.706349,2.67052e-08,0.707143,1.21327,0.707143,7912.67,0.706349,All
-0.331969,0.707143,2.67438e-08,0.707937,1.21443,0.707937,7914.58,0.707143,All
-0.330355,0.707937,2.67623e-08,0.70873,1.21555,0.70873,7915.75,0.707937,All
-0.319765,0.70873,2.67675e-08,0.709524,1.21589,0.709524,7919.1,0.70873,All
-0.309423,0.709524,2.67739e-08,0.710317,1.2164,0.710317,7921.81,0.709524,All
-0.302871,0.710317,2.67822e-08,0.711111,1.2167,0.711111,7922.33,0.710317,All
-0.297708,0.711111,2.68967e-08,0.711905,1.21725,0.711905,7923.87,0.711111,All
-0.280276,0.711905,2.69427e-08,0.712698,1.21732,0.712698,7925.25,0.711905,All
-0.277158,0.712698,2.69482e-08,0.713492,1.21937,0.713492,7925.87,0.712698,All
-0.274143,0.713492,2.69755e-08,0.714286,1.22022,0.714286,7926.49,0.713492,All
-0.273892,0.714286,2.70604e-08,0.715079,1.22355,0.715079,7930.02,0.714286,All
-0.272312,0.715079,2.70709e-08,0.715873,1.22703,0.715873,7930.32,0.715079,All
-0.272033,0.715873,2.7087e-08,0.716667,1.22751,0.716667,7931.05,0.715873,All
-0.269582,0.716667,2.71071e-08,0.71746,1.228,0.71746,7936.24,0.716667,All
-0.257094,0.71746,2.71276e-08,0.718254,1.22809,0.718254,7936.6,0.71746,All
-0.249498,0.718254,2.71366e-08,0.719048,1.22915,0.719048,7936.75,0.718254,All
-0.245359,0.719048,2.7144e-08,0.719841,1.23199,0.719841,7937.38,0.719048,All
-0.24034,0.719841,2.71447e-08,0.720635,1.23328,0.720635,7942.77,0.719841,All
-0.240213,0.720635,2.7148e-08,0.721429,1.23392,0.721429,7944.63,0.720635,All
-0.231385,0.721429,2.71754e-08,0.722222,1.23435,0.722222,7946.55,0.721429,All
-0.227523,0.722222,2.71891e-08,0.723016,1.23529,0.723016,7954.75,0.722222,All
-0.223682,0.723016,2.7269e-08,0.72381,1.23722,0.72381,7957.58,0.723016,All
-0.222568,0.72381,2.72996e-08,0.724603,1.23731,0.724603,7958.92,0.72381,All
-0.222217,0.724603,2.73001e-08,0.725397,1.2376,0.725397,7959.39,0.724603,All
-0.213155,0.725397,2.7302e-08,0.72619,1.23797,0.72619,7963.31,0.725397,All
-0.212276,0.72619,2.73433e-08,0.726984,1.23975,0.726984,7965.88,0.72619,All
-0.211416,0.726984,2.73512e-08,0.727778,1.2433,0.727778,7968.88,0.726984,All
-0.210108,0.727778,2.73548e-08,0.728571,1.24367,0.728571,7969.45,0.727778,All
-0.204588,0.728571,2.73594e-08,0.729365,1.24398,0.729365,7970.29,0.728571,All
-0.195614,0.729365,2.73928e-08,0.730159,1.24462,0.730159,7970.76,0.729365,All
-0.19455,0.730159,2.73956e-08,0.730952,1.24478,0.730952,7978.07,0.730159,All
-0.194402,0.730952,2.74171e-08,0.731746,1.24511,0.731746,7979.31,0.730952,All
-0.188224,0.731746,2.7447e-08,0.73254,1.24546,0.73254,7981.25,0.731746,All
-0.185047,0.73254,2.75062e-08,0.733333,1.24871,0.733333,7982.72,0.73254,All
-0.18501,0.733333,2.75272e-08,0.734127,1.25125,0.734127,7983.88,0.733333,All
-0.165822,0.734127,2.75856e-08,0.734921,1.25176,0.734921,7984.68,0.734127,All
-0.163074,0.734921,2.76228e-08,0.735714,1.2541,0.735714,7984.83,0.734921,All
-0.159001,0.735714,2.76239e-08,0.736508,1.2541,0.736508,7984.94,0.735714,All
-0.154644,0.736508,2.76656e-08,0.737302,1.25485,0.737302,7985.98,0.736508,All
-0.150433,0.737302,2.77062e-08,0.738095,1.25833,0.738095,7988.14,0.737302,All
-0.139787,0.738095,2.77389e-08,0.738889,1.25985,0.738889,7991.79,0.738095,All
-0.139,0.738889,2.774e-08,0.739683,1.26027,0.739683,7993.09,0.738889,All
-0.136337,0.739683,2.77452e-08,0.740476,1.26251,0.740476,7996.54,0.739683,All
-0.124032,0.740476,2.78207e-08,0.74127,1.26343,0.74127,7996.61,0.740476,All
-0.119967,0.74127,2.78222e-08,0.742063,1.26443,0.742063,8000.13,0.74127,All
-0.113547,0.742063,2.7824e-08,0.742857,1.26448,0.742857,8001.65,0.742063,All
-0.104574,0.742857,2.78321e-08,0.743651,1.26649,0.743651,8007.31,0.742857,All
-0.100218,0.743651,2.7838e-08,0.744444,1.27022,0.744444,8014.66,0.743651,All
-0.100031,0.744444,2.79238e-08,0.745238,1.27626,0.745238,8015.08,0.744444,All
-0.0961475,0.745238,2.79781e-08,0.746032,1.28018,0.746032,8017.5,0.745238,All
-0.0904937,0.746032,2.80141e-08,0.746825,1.28026,0.746825,8020.84,0.746032,All
-0.0902353,0.746825,2.80504e-08,0.747619,1.28223,0.747619,8027.64,0.746825,All
-0.084472,0.747619,2.80686e-08,0.748413,1.28313,0.748413,8031.43,0.747619,All
-0.0740989,0.748413,2.81011e-08,0.749206,1.28628,0.749206,8031.49,0.748413,All
-0.0684237,0.749206,2.81694e-08,0.75,1.28714,0.75,8037.15,0.749206,All
-0.0673189,0.75,2.82e-08,0.750794,1.28791,0.750794,8038.36,0.75,All
-0.0595885,0.750794,2.82101e-08,0.751587,1.28892,0.751587,8038.67,0.750794,All
-0.0529684,0.751587,2.82378e-08,0.752381,1.29313,0.752381,8042.4,0.751587,All
-0.0468701,0.752381,2.82462e-08,0.753175,1.29507,0.753175,8045.12,0.752381,All
-0.0440107,0.753175,2.82556e-08,0.753968,1.29586,0.753968,8046.15,0.753175,All
-0.0410797,0.753968,2.82561e-08,0.754762,1.29662,0.754762,8048.18,0.753968,All
-0.0340816,0.754762,2.82914e-08,0.755556,1.29688,0.755556,8048.46,0.754762,All
-0.0334515,0.755556,2.83089e-08,0.756349,1.29711,0.756349,8048.63,0.755556,All
-0.0323038,0.756349,2.835e-08,0.757143,1.29766,0.757143,8049.35,0.756349,All
-0.030624,0.757143,2.84342e-08,0.757937,1.29842,0.757937,8052.56,0.757143,All
-0.0212128,0.757937,2.84419e-08,0.75873,1.29851,0.75873,8054.14,0.757937,All
-0.0117779,0.75873,2.85796e-08,0.759524,1.29872,0.759524,8054.53,0.75873,All
-0.00866269,0.759524,2.85856e-08,0.760317,1.29909,0.760317,8055.19,0.759524,All
-0.00683895,0.760317,2.86036e-08,0.761111,1.30016,0.761111,8055.3,0.760317,All
-0.00486376,0.761111,2.86266e-08,0.761905,1.30284,0.761905,8055.3,0.761111,All
-0.00414533,0.761905,2.86402e-08,0.762698,1.30358,0.762698,8060.42,0.761905,All
-0.00302891,0.762698,2.8673e-08,0.763492,1.30377,0.763492,8063.8,0.762698,All
-0.0015661,0.763492,2.87629e-08,0.764286,1.30386,0.764286,8066.09,0.763492,All
-0.000964587,0.764286,2.88163e-08,0.765079,1.3045,0.765079,8074.77,0.764286,All
0.00803262,0.765079,2.88365e-08,0.765873,1.30601,0.765873,8076.71,0.765079,All
0.00931794,0.765873,2.8849e-08,0.766667,1.30609,0.766667,8076.84,0.765873,All
0.0143865,0.766667,2.88518e-08,0.76746,1.30818,0.76746,8076.89,0.766667,All
0.0168465,0.76746,2.88581e-08,0.768254,1.31041,0.768254,8078.81,0.76746,All
0.0175063,0.768254,2.88787e-08,0.769048,1.31101,0.769048,8080.21,0.768254,All
0.0250044,0.769048,2.88921e-08,0.769841,1.31269,0.769841,8080.26,0.769048,All
0.0289227,0.769841,2.89007e-08,0.770635,1.31438,0.770635,8083.69,0.769841,All
0.0399813,0.770635,2.89057e-08,0.771429,1.31693,0.771429,8086.08,0.770635,All
0.0412338,0.771429,2.89094e-08,0.772222,1.31874,0.772222,8086.4,0.771429,All
0.0419352,0.772222,2.89388e-08,0.773016,1.32316,0.773016,8091.15,0.772222,All
0.041971,0.773016,2.89774e-08,0.77381,1.32348,0.77381,8092.2,0.773016,All
0.043843,0.77381,2.89885e-08,0.774603,1.32466,0.774603,8099.38,0.77381,All
0.0490508,0.774603,2.89914e-08,0.775397,1.32661,0.775397,8099.8,0.774603,All
0.0548655,0.775397,2.89914e-08,0.77619,1.32671,0.77619,8111.71,0.775397,All
0.0552988,0.77619,2.90224e-08,0.776984,1.32767,0.776984,8115.98,0.77619,All
0.0626514,0.776984,2.90446e-08,0.777778,1.32837,0.777778,8117.53,0.776984,All
0.063988,0.777778,2.9077e-08,0.778571,1.32994,0.778571,8117.74,0.777778,All
0.0657198,0.778571,2.90776e-08,0.779365,1.33056,0.779365,8121.41,0.778571,All
0.0658906,0.779365,2.91127e-08,0.780159,1.33193,0.780159,8122.89,0.779365,All
0.0743045,0.780159,2.91449e-08,0.780952,1.3348,0.780952,8133.05,0.780159,All
0.0835923,0.780952,2.91742e-08,0.781746,1.33559,0.781746,8133.71,0.780952,All
0.0844595,0.781746,2.9207e-08,0.78254,1.33859,0.78254,8136.47,0.781746,All
0.0854831,0.78254,2.92374e-08,0.783333,1.33896,0.783333,8140.08,0.78254,All
0.0873353,0.783333,2.92827e-08,0.784127,1.33964,0.784127,8141.29,0.783333,All
0.0910848,0.784127,2.92905e-08,0.784921,1.33965,0.784921,8149.43,0.784127,All
0.0915231,0.784921,2.9309e-08,0.785714,1.3401,0.785714,8150.58,0.784921,All
0.105869,0.785714,2.93118e-08,0.786508,1.3401,0.786508,8154.09,0.785714,All
0.107081,0.786508,2.93747e-08,0.787302,1.34049,0.787302,8155.3,0.786508,All
0.112513,0.787302,2.93913e-08,0.788095,1.34137,0.788095,8155.49,0.787302,All
0.113364,0.788095,2.93976e-08,0.788889,1.34194,0.788889,8161.69,0.788095,All
0.1166,0.788889,2.94748e-08,0.789683,1.34231,0.789683,8162.88,0.788889,All
0.12468,0.789683,2.95398e-08,0.790476,1.34233,0.790476,8163.33,0.789683,All
0.131436,0.790476,2.95459e-08,0.79127,1.34371,0.79127,8163.55,0.790476,All
0.132503,0.79127,2.96077e-08,0.792063,1.34633,0.792063,8163.98,0.79127,All
0.135613,0.792063,2.96582e-08,0.792857,1.34813,0.792857,8167.25,0.792063,All
0.149035,0.792857,2.98576e-08,0.793651,1.34893,0.793651,8171.41,0.792857,All
0.151279,0.793651,2.99008e-08,0.794444,1.34913,0.794444,8182.49,0.793651,All
0.160231,0.794444,2.99241e-08,0.795238,1.3494,0.795238,8185.34,0.794444,All
0.163722,0.795238,2.99306e-08,0.796032,1.35185,0.796032,8187.16,0.795238,All
0.163816,0.796032,2.99476e-08,0.796825,1.35188,0.796825,8189.41,0.796032,All
0.165311,0.796825,2.99838e-08,0.797619,1.35265,0.797619,8195.09,0.796825,All
0.170749,0.797619,3.00455e-08,0.798413,1.35303,0.798413,8196.75,0.797619,All
0.17194,0.798413,3.01477e-08,0.799206,1.35358,0.799206,8198.43,0.798413,All
0.173014,0.799206,3.01867e-08,0.8,1.35404,0.8,8198.61,0.799206,All
0.177818,0.8,3.01911e-08,0.800794,1.3549,0.800794,8203.64,0.8,All
0.184551,0.800794,3.02156e-08,0.801587,1.35497,0.801587,8205.19,0.800794,All
0.194174,0.801587,3.02449e-08,0.802381,1.35505,0.802381,8206.97,0.801587,All
0.205409,0.802381,3.02664e-08,0.803175,1.35521,0.803175,8207.36,0.802381,All
0.219655,0.803175,3.03584e-08,0.803968,1.35544,0.803968,8207.67,0.803175,All
0.219969,0.803968,3.04321e-08,0.804762,1.35622,0.804762,8209.89,0.803968,All
0.22098,0.804762,3.04346e-08,0.805556,1.35875,0.805556,8210.7,0.804762,All
0.221568,0.805556,3.04675e-08,0.806349,1.36041,0.806349,8212.53,0.805556,All
0.227431,0.806349,3.04956e-08,0.807143,1.36061,0.807143,8225.46,0.806349,All
0.228352,0.807143,3.05095e-08,0.807937,1.36063,0.807937,8232.57,0.807143,All
0.229989,0.807937,3.05149e-08,0.80873,1.36115,0.80873,8233.1,0.807937,All
0.231964,0.80873,3.052e-08,0.809524,1.36152,0.809524,8235.75,0.80873,All
0.233172,0.809524,3.052e-08,0.810317,1.36203,0.810317,8239.37,0.809524,All
0.236047,0.810317,3.05483e-08,0.811111,1.36206,0.811111,8240.06,0.810317,All
0.236229,0.811111,3.05852e-08,0.811905,1.36295,0.811905,8248.21,0.811111,All
0.236779,0.811905,3.0587e-08,0.812698,1.36326,0.812698,8251.62,0.811905,All
0.247649,0.812698,3.06429e-08,0.813492,1.36346,0.813492,8253.72,0.812698,All
0.264359,0.813492,3.06628e-08,0.814286,1.36391,0.814286,8266.85,0.813492,All
0.278793,0.814286,3.06866e-08,0.815079,1.36593,0.815079,8284.59,0.814286,All
0.28751,0.815079,3.06878e-08,0.815873,1.36759,0.815873,8284.98,0.815079,All
0.291622,0.815873,3.07082e-08,0.816667,1.36785,0.816667,8292.42,0.815873,All
0.314476,0.816667,3.0895e-08,0.81746,1.3686,0.81746,8293.43,0.816667,All
0.318486,0.81746,3.09072e-08,0.818254,1.37101,0.818254,8297.84,0.81746,All
0.32487,0.818254,3.09173e-08,0.819048,1.37241,0.819048,8303.59,0.818254,All
0.326128,0.819048,3.09452e-08,0.819841,1.37324,0.819841,8306.07,0.819048,All
0.334652,0.819841,3.09657e-08,0.820635,1.3748,0.820635,8306.69,0.819841,All
0.338196,0.820635,3.1015e-08,0.821429,1.37549,0.821429,8309.73,0.820635,All
0.342207,0.821429,3.1044e-08,0.822222,1.37788,0.822222,8311.99,0.821429,All
0.346704,0.822222,3.11017e-08,0.823016,1.3799,0.823016,8322.07,0.822222,All
0.359047,0.823016,3.12253e-08,0.82381,1.38257,0.82381,8327.56,0.823016,All
0.381188,0.82381,3.12452e-08,0.824603,1.38304,0.824603,8329.23,0.82381,All
0.383999,0.824603,3.12558e-08,0.825397,1.38502,0.825397,8331.78,0.824603,All
0.388758,0.825397,3.12735e-08,0.82619,1.38554,0.82619,8337.02,0.825397,All
0.392283,0.82619,3.12815e-08,0.826984,1.38942,0.826984,8344.78,0.82619,All
0.394427,0.826984,3.13131e-08,0.827778,1.39255,0.827778,8344.87,0.826984,All
0.396708,0.827778,3.13741e-08,0.828571,1.39513,0.828571,8345.89,0.827778,All
0.398781,0.828571,3.15401e-08,0.829365,1.3966,0.829365,8350.42,0.828571,All
0.403714,0.829365,3.15495e-08,0.830159,1.39722,0.830159,8354.22,0.829365,All
0.407613,0.830159,3.15743e-08,0.830952,1.39783,0.830952,8355.79,0.830159,All
0.40764,0.830952,3.16888e-08,0.831746,1.39787,0.831746,8364.7,0.830952,All
0.412772,0.831746,3.16926e-08,0.83254,1.39851,0.83254,8367.31,0.831746,All
0.417189,0.83254,3.17159e-08,0.833333,1.39958,0.833333,8371.6,0.83254,All
0.419776,0.833333,3.17334e-08,0.834127,1.40001,0.834127,8377.74,0.833333,All
0.427454,0.834127,3.17446e-08,0.834921,1.40032,0.834921,8384.1,0.834127,All
0.431543,0.834921,3.17765e-08,0.835714,1.4011,0.835714,8388.13,0.834921,All
0.435059,0.835714,3.19302e-08,0.836508,1.40254,0.836508,8390.26,0.835714,All
0.452199,0.836508,3.19362e-08,0.837302,1.40322,0.837302,8390.32,0.836508,All
0.456208,0.837302,3.20633e-08,0.838095,1.40648,0.838095,8393.46,0.837302,All
0.468461,0.838095,3.20824e-08,0.838889,1.41095,0.838889,8396.35,0.838095,All
0.475882,0.838889,3.21068e-08,0.839683,1.41243,0.839683,8397.16,0.838889,All
0.490894,0.839683,3.21476e-08,0.840476,1.41292,0.840476,8400,0.839683,All
0.496236,0.840476,3.21788e-08,0.84127,1.41444,0.84127,8405.93,0.840476,All
0.502767,0.84127,3.22253e-08,0.842063,1.41571,0.842063,8409.14,0.84127,All
0.505081,0.842063,3.22371e-08,0.842857,1.41678,0.842857,8410.14,0.842063,All
0.506948,0.842857,3.22371e-08,0.843651,1.42103,0.843651,8411.64,0.842857,All
0.509197,0.843651,3.22506e-08,0.844444,1.42146,0.844444,8417.17,0.843651,All
0.51131,0.844444,3.22934e-08,0.845238,1.42274,0.845238,8423.62,0.844444,All
0.5149,0.845238,3.23228e-08,0.846032,1.42274,0.846032,8440.6,0.845238,All
0.516382,0.846032,3.23837e-08,0.846825,1.42731,0.846825,8443.58,0.846032,All
0.520693,0.846825,3.23873e-08,0.847619,1.42783,0.847619,8447.07,0.846825,All
0.527227,0.847619,3.24629e-08,0.848413,1.43037,0.848413,8447.75,0.847619,All
0.535481,0.848413,3.24994e-08,0.849206,1.43158,0.849206,8450.57,0.848413,All
0.53971,0.849206,3.2542e-08,0.85,1.43174,0.85,8462.98,0.849206,All
0.541214,0.85,3.25511e-08,0.850794,1.4335,0.850794,8466.17,0.85,All
0.556321,0.850794,3.25847e-08,0.851587,1.43412,0.851587,8471.2,0.850794,All
0.563624,0.851587,3.26248e-08,0.852381,1.43472,0.852381,8471.65,0.851587,All
0.581652,0.852381,3.26281e-08,0.853175,1.43824,0.853175,8473.86,0.852381,All
0.582,0.853175,3.28138e-08,0.853968,1.43899,0.853968,8474.87,0.853175,All
0.594827,0.853968,3.29121e-08,0.854762,1.44071,0.854762,8475.56,0.853968,All
0.597185,0.854762,3.29793e-08,0.855556,1.4414,0.855556,8475.99,0.854762,All
0.599374,0.855556,3.30094e-08,0.856349,1.44455,0.856349,8477.71,0.855556,All
0.605057,0.856349,3.30695e-08,0.857143,1.44507,0.857143,8479.53,0.856349,All
0.626964,0.857143,3.31032e-08,0.857937,1.44707,0.857937,8479.64,0.857143,All
0.628352,0.857937,3.31055e-08,0.85873,1.44798,0.85873,8480.12,0.857937,All
0.628352,0.85873,3.31118e-08,0.859524,1.45369,0.859524,8481.34,0.85873,All
0.650385,0.859524,3.31812e-08,0.860317,1.45674,0.860317,8481.92,0.859524,All
0.674269,0.860317,3.31956e-08,0.861111,1.45793,0.861111,8482.63,0.860317,All
0.685626,0.861111,3.32022e-08,0.861905,1.45908,0.861905,8483.86,0.861111,All
0.696467,0.861905,3.3211e-08,0.862698,1.46476,0.862698,8485.55,0.861905,All
0.69983,0.862698,3.32305e-08,0.863492,1.46547,0.863492,8488.1,0.862698,All
0.701404,0.863492,3.32423e-08,0.864286,1.46783,0.864286,8490.31,0.863492,All
0.701604,0.864286,3.32511e-08,0.865079,1.46864,0.865079,8494.95,0.864286,All
0.702809,0.865079,3.33472e-08,0.865873,1.46908,0.865873,8505.11,0.865079,All
0.702809,0.865873,3.3354e-08,0.866667,1.47097,0.866667,8512.82,0.865873,All
0.706486,0.866667,3.34175e-08,0.86746,1.47394,0.86746,8518.64,0.866667,All
0.711331,0.86746,3.34254e-08,0.868254,1.47577,0.868254,8520.19,0.86746,All
0.726824,0.868254,3.34327e-08,0.869048,1.48156,0.869048,8524.28,0.868254,All
0.731922,0.869048,3.34733e-08,0.869841,1.48186,0.869841,8524.52,0.869048,All
0.732983,0.869841,3.35033e-08,0.870635,1.483,0.870635,8524.65,0.869841,All
0.741125,0.870635,3.3621e-08,0.871429,1.48408,0.871429,8526.18,0.870635,All
0.744266,0.871429,3.36233e-08,0.872222,1.485,0.872222,8528.85,0.871429,All
0.763928,0.872222,3.36507e-08,0.873016,1.48531,0.873016,8530.8,0.872222,All
0.765362,0.873016,3.37884e-08,0.87381,1.48553,0.87381,8535.36,0.873016,All
0.768091,0.87381,3.39006e-08,0.874603,1.48745,0.874603,8551.77,0.87381,All
0.769034,0.874603,3.40673e-08,0.875397,1.48927,0.875397,8554.21,0.874603,All
0.774746,0.875397,3.41978e-08,0.87619,1.49037,0.87619,8564.36,0.875397,All
0.782454,0.87619,3.42186e-08,0.876984,1.49481,0.876984,8569.42,0.87619,All
0.793718,0.876984,3.42482e-08,0.877778,1.49953,0.877778,8580.41,0.876984,All
0.793735,0.877778,3.42807e-08,0.878571,1.50281,0.878571,8580.69,0.877778,All
0.814507,0.878571,3.43153e-08,0.879365,1.50298,0.879365,8581.1,0.878571,All
0.814594,0.879365,3.43554e-08,0.880159,1.50368,0.880159,8584.48,0.879365,All
0.830493,0.880159,3.44337e-08,0.880952,1.50442,0.880952,8587.62,0.880159,All
0.833886,0.880952,3.45078e-08,0.881746,1.50491,0.881746,8597.02,0.880952,All
0.851574,0.881746,3.45914e-08,0.88254,1.50597,0.88254,8603.27,0.881746,All
0.854358,0.88254,3.46364e-08,0.883333,1.50597,0.883333,8604.92,0.88254,All
0.861487,0.883333,3.46406e-08,0.884127,1.50796,0.884127,8609.9,0.883333,All
0.867576,0.884127,3.4705e-08,0.884921,1.51103,0.884921,8613.2,0.884127,All
0.873835,0.884921,3.4763e-08,0.885714,1.51105,0.885714,8616.4,0.884921,All
0.881468,0.885714,3.48996e-08,0.886508,1.51326,0.886508,8616.59,0.885714,All
0.881876,0.886508,3.49031e-08,0.887302,1.5144,0.887302,8618.5,0.886508,All
0.885318,0.887302,3.49242e-08,0.888095,1.51526,0.888095,8620.76,0.887302,All
0.891541,0.888095,3.49808e-08,0.888889,1.51648,0.888889,8633.78,0.888095,All
0.892371,0.888889,3.50142e-08,0.889683,1.51648,0.889683,8635.36,0.888889,All
0.89383,0.889683,3.51468e-08,0.890476,1.51734,0.890476,8649,0.889683,All
0.900405,0.890476,3.51801e-08,0.89127,1.51882,0.89127,8649.86,0.890476,All
0.90073,0.89127,3.54019e-08,0.892063,1.52037,0.892063,8651.13,0.89127,All
0.905004,0.892063,3.5412e-08,0.892857,1.52051,0.892857,8652.37,0.892063,All
0.913587,0.892857,3.54607e-08,0.893651,1.52755,0.893651,8657,0.892857,All
0.917976,0.893651,3.54989e-08,0.894444,1.52756,0.894444,8658.53,0.893651,All
0.920703,0.894444,3.5574e-08,0.895238,1.5308,0.895238,8667.28,0.894444,All
0.944437,0.895238,3.55757e-08,0.896032,1.54418,0.896032,8674.83,0.895238,All
0.945344,0.896032,3.55903e-08,0.896825,1.54565,0.896825,8677.56,0.896032,All
0.949925,0.896825,3.58161e-08,0.897619,1.54653,0.897619,8700.12,0.896825,All
0.969755,0.897619,3.59672e-08,0.898413,1.54699,0.898413,8709.71,0.897619,All
0.994417,0.898413,3.60587e-08,0.899206,1.55004,0.899206,8724.02,0.898413,All
1.00136,0.899206,3.61224e-08,0.9,1.55265,0.9,8729.83,0.899206,All
1.01882,0.9,3.62107e-08,0.900794,1.5528,0.900794,8732.41,0.9,All
1.02511,0.900794,3.65215e-08,0.901587,1.55309,0.901587,8746.75,0.900794,All
1.03554,0.901587,3.65646e-08,0.902381,1.55314,0.902381,8753.57,0.901587,All
1.03603,0.902381,3.65868e-08,0.903175,1.55694,0.903175,8756.45,0.902381,All
1.04261,0.903175,3.6623e-08,0.903968,1.55851,0.903968,8760.33,0.903175,All
1.04287,0.903968,3.68033e-08,0.904762,1.56156,0.904762,8764.04,0.903968,All
1.04537,0.904762,3.681e-08,0.905556,1.56199,0.905556,8772.04,0.904762,All
1.05153,0.905556,3.68661e-08,0.906349,1.56253,0.906349,8777.31,0.905556,All
1.07632,0.906349,3.69014e-08,0.907143,1.56407,0.907143,8778.39,0.906349,All
1.07796,0.907143,3.69369e-08,0.907937,1.56503,0.907937,8783.09,0.907143,All
1.08621,0.907937,3.69422e-08,0.90873,1.56803,0.90873,8788.52,0.907937,All
1.09442,0.90873,3.69641e-08,0.909524,1.57215,0.909524,8789.52,0.90873,All
1.09453,0.909524,3.69763e-08,0.910317,1.57337,0.910317,8792.26,0.909524,All
1.1066,0.910317,3.70054e-08,0.911111,1.57727,0.911111,8794.04,0.910317,All
1.10805,0.911111,3.71092e-08,0.911905,1.58302,0.911905,8795.05,0.911111,All
1.11725,0.911905,3.71359e-08,0.912698,1.5835,0.912698,8796.1,0.911905,All
1.12352,0.912698,3.71875e-08,0.913492,1.58876,0.913492,8798.75,0.912698,All
1.13033,0.913492,3.72509e-08,0.914286,1.59765,0.914286,8807.18,0.913492,All
1.13675,0.914286,3.73418e-08,0.915079,1.59862,0.915079,8811.97,0.914286,All
1.14401,0.915079,3.74197e-08,0.915873,1.59898,0.915873,8812.81,0.915079,All
1.15028,0.915873,3.74289e-08,0.916667,1.59967,0.916667,8813.47,0.915873,All
1.15219,0.916667,3.74289e-08,0.91746,1.60546,0.91746,8814.96,0.916667,All
1.1793,0.91746,3.74823e-08,0.918254,1.60679,0.918254,8823.22,0.91746,All
1.18181,0.918254,3.75961e-08,0.919048,1.60717,0.919048,8824.48,0.918254,All
1.18671,0.919048,3.76323e-08,0.919841,1.60849,0.919841,8834.89,0.919048,All
1.20074,0.919841,3.76913e-08,0.920635,1.61294,0.920635,8837.73,0.919841,All
1.20144,0.920635,3.77161e-08,0.921429,1.61314,0.921429,8840.47,0.920635,All
1.21319,0.921429,3.78892e-08,0.922222,1.61323,0.922222,8847.19,0.921429,All
1.23204,0.922222,3.79641e-08,0.923016,1.61384,0.923016,8855.38,0.922222,All
1.2362,0.923016,3.79701e-08,0.92381,1.61431,0.92381,8856.05,0.923016,All
1.23846,0.92381,3.80056e-08,0.924603,1.61732,0.924603,8862.45,0.92381,All
1.27001,0.924603,3.80071e-08,0.925397,1.61782,0.925397,8864.23,0.924603,All
1.27758,0.925397,3.80365e-08,0.92619,1.62039,0.92619,8867.09,0.925397,All
1.28234,0.92619,3.84163e-08,0.926984,1.6207,0.926984,8869.95,0.92619,All
1.29246,0.926984,3.85036e-08,0.927778,1.62532,0.927778,8885.15,0.926984,All
1.29465,0.927778,3.85041e-08,0.928571,1.62928,0.928571,8887.82,0.927778,All
1.3089,0.928571,3.85761e-08,0.929365,1.6294,0.929365,8892.76,0.928571,All
1.31922,0.929365,3.85796e-08,0.930159,1.62959,0.930159,8903.39,0.929365,All
1.33645,0.930159,3.86774e-08,0.930952,1.63037,0.930952,8906.51,0.930159,All
1.34468,0.930952,3.86982e-08,0.931746,1.63301,0.931746,8912.24,0.930952,All
1.37067,0.931746,3.87707e-08,0.93254,1.63411,0.93254,8931.47,0.931746,All
1.3752,0.93254,3.88565e-08,0.933333,1.63423,0.933333,8934,0.93254,All
1.39215,0.933333,3.8993e-08,0.934127,1.63817,0.934127,8945.38,0.933333,All
1.39524,0.934127,3.90032e-08,0.934921,1.64009,0.934921,8960.31,0.934127,All
1.39885,0.934921,3.90176e-08,0.935714,1.64251,0.935714,8968.48,0.934921,All
1.39891,0.935714,3.91327e-08,0.936508,1.64286,0.936508,8981.13,0.935714,All
1.41008,0.936508,3.92129e-08,0.937302,1.64454,0.937302,8984.49,0.936508,All
1.42146,0.937302,3.9454e-08,0.938095,1.64813,0.938095,8991.77,0.937302,All
1.43977,0.938095,3.98303e-08,0.938889,1.64833,0.938889,8992.4,0.938095,All
1.45552,0.938889,3.98776e-08,0.939683,1.65139,0.939683,8996.39,0.938889,All
1.45612,0.939683,3.99082e-08,0.940476,1.65282,0.940476,9009.09,0.939683,All
1.48255,0.940476,3.99614e-08,0.94127,1.65284,0.94127,9034.13,0.940476,All
1.48326,0.94127,3.99967e-08,0.942063,1.65799,0.942063,9055.35,0.94127,All
1.49102,0.942063,4.01006e-08,0.942857,1.65877,0.942857,9079.05,0.942063,All
1.5057,0.942857,4.0176e-08,0.943651,1.66165,0.943651,9089.79,0.942857,All
1.52511,0.943651,4.02514e-08,0.944444,1.66423,0.944444,9102.87,0.943651,All
1.54083,0.944444,4.03824e-08,0.945238,1.66451,0.945238,9109.59,0.944444,All
1.57069,0.945238,4.04845e-08,0.946032,1.66469,0.946032,9110.91,0.945238,All
1.57649,0.946032,4.05153e-08,0.946825,1.66492,0.946825,9113.86,0.946032,All
1.58879,0.946825,4.05193e-08,0.947619,1.6651,0.947619,9121.82,0.946825,All
1.59335,0.947619,4.05962e-08,0.948413,1.6668,0.948413,9124.8,0.947619,All
1.60496,0.948413,4.07619e-08,0.949206,1.67462,0.949206,9128.84,0.948413,All
1.62349,0.949206,4.07661e-08,0.95,1.67608,0.95,9145.38,0.949206,All
1.64896,0.95,4.09126e-08,0.950794,1.67749,0.950794,9150.64,0.95,All
1.65128,0.950794,4.10599e-08,0.951587,1.68278,0.951587,9155.53,0.950794,All
1.65584,0.951587,4.11562e-08,0.952381,1.68595,0.952381,9199.16,0.951587,All
1.68605,0.952381,4.13164e-08,0.953175,1.69451,0.953175,9202.19,0.952381,All
1.69761,0.953175,4.14409e-08,0.953968,1.70526,0.953968,9206.72,0.953175,All
1.70671,0.953968,4.14876e-08,0.954762,1.70605,0.954762,9214.37,0.953968,All
1.7225,0.954762,4.15091e-08,0.955556,1.7076,0.955556,9240.34,0.954762,All
1.74594,0.955556,4.16056e-08,0.956349,1.70915,0.956349,9251.3,0.955556,All
1.76564,0.956349,4.18535e-08,0.957143,1.7137,0.957143,9251.9,0.956349,All
1.76959,0.957143,4.20879e-08,0.957937,1.71518,0.957937,9265.5,0.957143,All
1.78034,0.957937,4.24918e-08,0.95873,1.7165,0.95873,9278.49,0.957937,All
1.82128,0.95873,4.26055e-08,0.959524,1.71922,0.959524,9302.55,0.95873,All
1.82407,0.959524,4.29767e-08,0.960317,1.72315,0.960317,9314.72,0.959524,All
1.85781,0.960317,4.30322e-08,0.961111,1.72368,0.961111,9326.28,0.960317,All
1.87588,0.961111,4.30798e-08,0.961905,1.72438,0.961905,9358.73,0.961111,All
1.88998,0.961905,4.31121e-08,0.962698,1.7291,0.962698,9360.84,0.961905,All
1.89022,0.962698,4.3122e-08,0.963492,1.73324,0.963492,9362.49,0.962698,All
1.89766,0.963492,4.32124e-08,0.964286,1.7439,0.964286,9365.68,0.963492,All
1.89845,0.964286,4.35329e-08,0.965079,1.75052,0.965079,9384.12,0.964286,All
1.91574,0.965079,4.39051e-08,0.965873,1.7507,0.965873,9385.47,0.965079,All
1.92137,0.965873,4.39703e-08,0.966667,1.75483,0.966667,9390.92,0.965873,All
1.93103,0.966667,4.4167e-08,0.96746,1.76072,0.96746,9413.74,0.966667,All
1.94377,0.96746,4.41763e-08,0.968254,1.76353,0.968254,9439.99,0.96746,All
1.94489,0.968254,4.42912e-08,0.969048,1.76404,0.969048,9445.7,0.968254,All
1.96612,0.969048,4.43083e-08,0.969841,1.76632,0.969841,9465.24,0.969048,All
1.9807,0.969841,4.44178e-08,0.970635,1.76842,0.970635,9470.38,0.969841,All
1.98913,0.970635,4.47178e-08,0.971429,1.77081,0.971429,9473.78,0.970635,All
1.98922,0.971429,4.47899e-08,0.972222,1.77163,0.972222,9517.8,0.971429,All
1.99277,0.972222,4.48326e-08,0.973016,1.78149,0.973016,9536.84,0.972222,All
2.00442,0.973016,4.53176e-08,0.97381,1.78179,0.97381,9591.66,0.973016,All
2.02854,0.97381,4.53452e-08,0.974603,1.78389,0.974603,9613.92,0.97381,All
2.04653,0.974603,4.55012e-08,0.975397,1.78481,0.975397,9629,0.974603,All
2.05414,0.975397,4.58472e-08,0.97619,1.78832,0.97619,9638.86,0.975397,All
2.06161,0.97619,4.60051e-08,0.976984,1.79169,0.976984,9643.29,0.97619,All
2.0835,0.976984,4.61496e-08,0.977778,1.79865,0.977778,9648.78,0.976984,All
2.10346,0.977778,4.62695e-08,0.978571,1.81137,0.978571,9651.16,0.977778,All
2.21663,0.978571,4.70616e-08,0.979365,1.81601,0.979365,9693.23,0.978571,All
2.22875,0.979365,4.73058e-08,0.980159,1.82678,0.980159,9737.91,0.979365,All
2.24683,0.980159,4.77736e-08,0.980952,1.83198,0.980952,9739.1,0.980159,All
2.25265,0.980952,4.78574e-08,0.981746,1.83424,0.981746,9771.08,0.980952,All
2.25737,0.981746,4.7958e-08,0.98254,1.83451,0.98254,9802.15,0.981746,All
2.28464,0.98254,4.83354e-08,0.983333,1.83457,0.983333,9873.82,0.98254,All
2.29587,0.983333,4.83642e-08,0.984127,1.85647,0.984127,9894.17,0.983333,All
2.31478,0.984127,4.84672e-08,0.984921,1.86602,0.984921,9906.24,0.984127,All
2.34444,0.984921,4.86203e-08,0.985714,1.89588,0.985714,9935.2,0.984921,All
2.39037,0.985714,4.8912e-08,0.986508,1.89767,0.986508,9945.01,0.985714,All
2.40999,0.986508,4.92044e-08,0.987302,1.90762,0.987302,9970.45,0.986508,All
2.44554,0.987302,4.97626e-08,0.988095,1.91351,0.988095,9978.35,0.987302,All
2.46203,0.988095,5.01191e-08,0.988889,1.91365,0.988889,10006.5,0.988095,All
2.50207,0.988889,5.06485e-08,0.989683,1.94375,0.989683,10055.9,0.988889,All
2.50265,0.989683,5.19129e-08,0.990476,1.94561,0.990476,10098.4,0.989683,All
2.5274,0.990476,5.25134e-08,0.99127,1.94805,0.99127,10117.6,0.990476,All
2.53654,0.99127,5.25646e-08,0.992063,1.95589,0.992063,10130.1,0.99127,All
2.66696,0.992063,5.26057e-08,0.992857,1.98961,0.992857,10138.4,0.992063,All
3.00916,0.992857,5.26789e-08,0.993651,1.99502,0.993651,10159.2,0.992857,All
3.02635,0.993651,5.36857e-08,0.994444,2.01361,0.994444,10300.3,0.993651,All
3.03411,0.994444,5.561e-08,0.995238,2.04073,0.995238,10373.5,0.994444,All
3.05213,0.995238,5.63622e-08,0.996032,2.0537,0.996032,10374.3,0.995238,All
3.06061,0.996032,5.8087e-08,0.996825,2.07046,0.996825,10421.5,0.996032,All
3.07067,0.996825,5.82524e-08,0.997619,2.0733,0.997619,10722.4,0.996825,All
3.18285,0.997619,5.90795e-08,0.998413,2.09228,0.998413,10762.9,0.997619,All
3.26222,0.998413,6.73228e-08,0.999206,2.11205,0.999206,11090.2,0.998413,All
3.32689,0.999206,7.19286e-08,1,2.13084,1,11280,0.999206,All
3.35352,1,7.19286e-08,1,2.13084,1,11881.7,1,All
9.59556,1,7.19286e-08,1,2.13084,1,15278.3,1,All
